#\*l[\oA]	extinction [mag/airmass]
# m = 1
3.200000e+03 8.564351e-01
3.202000e+03 8.401497e-01
3.204000e+03 8.122926e-01
3.206000e+03 7.808691e-01
3.208000e+03 7.531786e-01
3.210000e+03 7.358538e-01
3.212000e+03 7.332947e-01
3.214000e+03 7.421355e-01
3.216000e+03 7.572427e-01
3.218000e+03 7.733466e-01
3.220000e+03 7.848526e-01
3.222000e+03 7.872009e-01
3.224000e+03 7.810003e-01
3.226000e+03 7.683178e-01
3.228000e+03 7.512831e-01
3.230000e+03 7.319818e-01
3.232000e+03 7.124101e-01
3.234000e+03 6.945032e-01
3.236000e+03 6.800987e-01
3.238000e+03 6.709683e-01
3.240000e+03 6.688941e-01
3.242000e+03 6.748287e-01
3.244000e+03 6.860856e-01
3.246000e+03 6.989885e-01
3.248000e+03 7.096866e-01
3.250000e+03 7.141609e-01
3.252000e+03 7.095289e-01
3.254000e+03 6.976715e-01
3.256000e+03 6.816941e-01
3.258000e+03 6.646179e-01
3.260000e+03 6.493096e-01
3.262000e+03 6.380119e-01
3.264000e+03 6.309943e-01
3.266000e+03 6.280900e-01
3.268000e+03 6.291818e-01
3.270000e+03 6.341981e-01
3.272000e+03 6.427227e-01
3.274000e+03 6.527956e-01
3.276000e+03 6.619896e-01
3.278000e+03 6.677827e-01
3.280000e+03 6.676064e-01
3.282000e+03 6.598190e-01
3.284000e+03 6.463556e-01
3.286000e+03 6.300185e-01
3.288000e+03 6.135032e-01
3.290000e+03 5.993626e-01
3.292000e+03 5.895396e-01
3.294000e+03 5.839694e-01
3.296000e+03 5.821429e-01
3.298000e+03 5.835955e-01
3.300000e+03 5.878912e-01
3.302000e+03 5.944254e-01
3.304000e+03 6.018475e-01
3.306000e+03 6.085793e-01
3.308000e+03 6.129955e-01
3.310000e+03 6.134459e-01
3.312000e+03 6.088691e-01
3.314000e+03 6.005202e-01
3.316000e+03 5.902290e-01
3.318000e+03 5.797849e-01
3.320000e+03 5.709202e-01
3.322000e+03 5.649475e-01
3.324000e+03 5.616757e-01
3.326000e+03 5.605615e-01
3.328000e+03 5.610776e-01
3.330000e+03 5.627017e-01
3.332000e+03 5.649039e-01
3.334000e+03 5.671206e-01
3.336000e+03 5.687742e-01
3.338000e+03 5.692809e-01
3.340000e+03 5.680560e-01
3.342000e+03 5.647368e-01
3.344000e+03 5.598341e-01
3.346000e+03 5.540743e-01
3.348000e+03 5.481756e-01
3.350000e+03 5.428444e-01
3.352000e+03 5.386516e-01
3.354000e+03 5.356632e-01
3.356000e+03 5.338235e-01
3.358000e+03 5.330808e-01
3.360000e+03 5.333868e-01
3.362000e+03 5.346185e-01
3.364000e+03 5.363425e-01
3.366000e+03 5.380438e-01
3.368000e+03 5.392016e-01
3.370000e+03 5.392911e-01
3.372000e+03 5.379381e-01
3.374000e+03 5.353757e-01
3.376000e+03 5.319909e-01
3.378000e+03 5.281702e-01
3.380000e+03 5.242974e-01
3.382000e+03 5.207139e-01
3.384000e+03 5.176033e-01
3.386000e+03 5.151100e-01
3.388000e+03 5.133782e-01
3.390000e+03 5.125536e-01
3.392000e+03 5.126800e-01
3.394000e+03 5.133871e-01
3.396000e+03 5.141988e-01
3.398000e+03 5.146360e-01
3.400000e+03 5.142166e-01
3.402000e+03 5.126065e-01
3.404000e+03 5.100652e-01
3.406000e+03 5.070012e-01
3.408000e+03 5.038213e-01
3.410000e+03 5.009295e-01
3.412000e+03 4.986319e-01
3.414000e+03 4.968506e-01
3.416000e+03 4.954136e-01
3.418000e+03 4.941492e-01
3.420000e+03 4.928859e-01
3.422000e+03 4.915102e-01
3.424000e+03 4.901386e-01
3.426000e+03 4.889454e-01
3.428000e+03 4.881048e-01
3.430000e+03 4.877915e-01
3.432000e+03 4.880908e-01
3.434000e+03 4.887273e-01
3.436000e+03 4.893335e-01
3.438000e+03 4.895395e-01
3.440000e+03 4.889740e-01
3.442000e+03 4.873864e-01
3.444000e+03 4.850093e-01
3.446000e+03 4.821963e-01
3.448000e+03 4.792998e-01
3.450000e+03 4.766699e-01
3.452000e+03 4.745761e-01
3.454000e+03 4.729729e-01
3.456000e+03 4.717371e-01
3.458000e+03 4.707460e-01
3.460000e+03 4.698768e-01
3.462000e+03 4.690245e-01
3.464000e+03 4.681535e-01
3.466000e+03 4.672455e-01
3.468000e+03 4.662825e-01
3.470000e+03 4.652461e-01
3.472000e+03 4.641249e-01
3.474000e+03 4.629337e-01
3.476000e+03 4.616942e-01
3.478000e+03 4.604281e-01
3.480000e+03 4.591568e-01
3.482000e+03 4.578996e-01
3.484000e+03 4.566661e-01
3.486000e+03 4.554633e-01
3.488000e+03 4.542985e-01
3.490000e+03 4.531787e-01
3.492000e+03 4.521067e-01
3.494000e+03 4.510674e-01
3.496000e+03 4.500410e-01
3.498000e+03 4.490079e-01
3.500000e+03 4.479486e-01
3.502000e+03 4.468499e-01
3.504000e+03 4.457242e-01
3.506000e+03 4.445907e-01
3.508000e+03 4.434682e-01
3.510000e+03 4.423759e-01
3.512000e+03 4.413275e-01
3.514000e+03 4.403165e-01
3.516000e+03 4.393311e-01
3.518000e+03 4.383597e-01
3.520000e+03 4.373907e-01
3.522000e+03 4.364146e-01
3.524000e+03 4.354323e-01
3.526000e+03 4.344468e-01
3.528000e+03 4.334613e-01
3.530000e+03 4.324789e-01
3.532000e+03 4.315020e-01
3.534000e+03 4.305304e-01
3.536000e+03 4.295633e-01
3.538000e+03 4.285999e-01
3.540000e+03 4.276392e-01
3.542000e+03 4.266807e-01
3.544000e+03 4.257244e-01
3.546000e+03 4.247704e-01
3.548000e+03 4.238190e-01
3.550000e+03 4.228705e-01
3.552000e+03 4.219249e-01
3.554000e+03 4.209822e-01
3.556000e+03 4.200425e-01
3.558000e+03 4.191055e-01
3.560000e+03 4.181713e-01
3.562000e+03 4.172397e-01
3.564000e+03 4.163109e-01
3.566000e+03 4.153847e-01
3.568000e+03 4.144612e-01
3.570000e+03 4.135404e-01
3.572000e+03 4.126224e-01
3.574000e+03 4.117070e-01
3.576000e+03 4.107942e-01
3.578000e+03 4.098842e-01
3.580000e+03 4.089768e-01
3.582000e+03 4.080720e-01
3.584000e+03 4.071698e-01
3.586000e+03 4.062703e-01
3.588000e+03 4.053734e-01
3.590000e+03 4.044790e-01
3.592000e+03 4.035873e-01
3.594000e+03 4.026981e-01
3.596000e+03 4.018116e-01
3.598000e+03 4.009275e-01
3.600000e+03 4.000461e-01
3.602000e+03 3.991672e-01
3.604000e+03 3.982908e-01
3.606000e+03 3.974170e-01
3.608000e+03 3.965456e-01
3.610000e+03 3.956768e-01
3.612000e+03 3.948105e-01
3.614000e+03 3.939467e-01
3.616000e+03 3.930854e-01
3.618000e+03 3.922265e-01
3.620000e+03 3.913701e-01
3.622000e+03 3.905162e-01
3.624000e+03 3.896647e-01
3.626000e+03 3.888156e-01
3.628000e+03 3.879690e-01
3.630000e+03 3.871249e-01
3.632000e+03 3.862831e-01
3.634000e+03 3.854437e-01
3.636000e+03 3.846067e-01
3.638000e+03 3.837722e-01
3.640000e+03 3.829400e-01
3.642000e+03 3.821102e-01
3.644000e+03 3.812827e-01
3.646000e+03 3.804576e-01
3.648000e+03 3.796349e-01
3.650000e+03 3.788145e-01
3.652000e+03 3.779964e-01
3.654000e+03 3.771806e-01
3.656000e+03 3.763672e-01
3.658000e+03 3.755561e-01
3.660000e+03 3.747473e-01
3.662000e+03 3.739407e-01
3.664000e+03 3.731365e-01
3.666000e+03 3.723345e-01
3.668000e+03 3.715348e-01
3.670000e+03 3.707374e-01
3.672000e+03 3.699422e-01
3.674000e+03 3.691493e-01
3.676000e+03 3.683586e-01
3.678000e+03 3.675701e-01
3.680000e+03 3.667838e-01
3.682000e+03 3.659998e-01
3.684000e+03 3.652180e-01
3.686000e+03 3.644383e-01
3.688000e+03 3.636609e-01
3.690000e+03 3.628857e-01
3.692000e+03 3.621126e-01
3.694000e+03 3.613417e-01
3.696000e+03 3.605729e-01
3.698000e+03 3.598063e-01
3.700000e+03 3.590419e-01
3.702000e+03 3.582796e-01
3.704000e+03 3.575194e-01
3.706000e+03 3.567614e-01
3.708000e+03 3.560054e-01
3.710000e+03 3.552516e-01
3.712000e+03 3.544999e-01
3.714000e+03 3.537503e-01
3.716000e+03 3.530028e-01
3.718000e+03 3.522573e-01
3.720000e+03 3.515140e-01
3.722000e+03 3.507726e-01
3.724000e+03 3.500334e-01
3.726000e+03 3.492962e-01
3.728000e+03 3.485611e-01
3.730000e+03 3.478280e-01
3.732000e+03 3.470969e-01
3.734000e+03 3.463679e-01
3.736000e+03 3.456409e-01
3.738000e+03 3.449159e-01
3.740000e+03 3.441929e-01
3.742000e+03 3.434719e-01
3.744000e+03 3.427528e-01
3.746000e+03 3.420358e-01
3.748000e+03 3.413208e-01
3.750000e+03 3.406077e-01
3.752000e+03 3.398966e-01
3.754000e+03 3.391874e-01
3.756000e+03 3.384802e-01
3.758000e+03 3.377750e-01
3.760000e+03 3.370717e-01
3.762000e+03 3.363703e-01
3.764000e+03 3.356708e-01
3.766000e+03 3.349733e-01
3.768000e+03 3.342777e-01
3.770000e+03 3.335840e-01
3.772000e+03 3.328921e-01
3.774000e+03 3.322023e-01
3.776000e+03 3.315142e-01
3.778000e+03 3.308281e-01
3.780000e+03 3.301438e-01
3.782000e+03 3.294614e-01
3.784000e+03 3.287808e-01
3.786000e+03 3.281022e-01
3.788000e+03 3.274253e-01
3.790000e+03 3.267503e-01
3.792000e+03 3.260772e-01
3.794000e+03 3.254059e-01
3.796000e+03 3.247364e-01
3.798000e+03 3.240687e-01
3.800000e+03 3.234028e-01
3.802000e+03 3.227388e-01
3.804000e+03 3.220765e-01
3.806000e+03 3.214161e-01
3.808000e+03 3.207574e-01
3.810000e+03 3.201005e-01
3.812000e+03 3.194454e-01
3.814000e+03 3.187921e-01
3.816000e+03 3.181405e-01
3.818000e+03 3.174907e-01
3.820000e+03 3.168426e-01
3.822000e+03 3.161964e-01
3.824000e+03 3.155518e-01
3.826000e+03 3.149090e-01
3.828000e+03 3.142679e-01
3.830000e+03 3.136285e-01
3.832000e+03 3.129909e-01
3.834000e+03 3.123550e-01
3.836000e+03 3.117207e-01
3.838000e+03 3.110882e-01
3.840000e+03 3.104574e-01
3.842000e+03 3.098283e-01
3.844000e+03 3.092008e-01
3.846000e+03 3.085751e-01
3.848000e+03 3.079510e-01
3.850000e+03 3.073286e-01
3.852000e+03 3.067078e-01
3.854000e+03 3.060887e-01
3.856000e+03 3.054713e-01
3.858000e+03 3.048555e-01
3.860000e+03 3.042414e-01
3.862000e+03 3.036289e-01
3.864000e+03 3.030180e-01
3.866000e+03 3.024087e-01
3.868000e+03 3.018011e-01
3.870000e+03 3.011951e-01
3.872000e+03 3.005907e-01
3.874000e+03 2.999879e-01
3.876000e+03 2.993867e-01
3.878000e+03 2.987871e-01
3.880000e+03 2.981891e-01
3.882000e+03 2.975927e-01
3.884000e+03 2.969978e-01
3.886000e+03 2.964046e-01
3.888000e+03 2.958129e-01
3.890000e+03 2.952228e-01
3.892000e+03 2.946342e-01
3.894000e+03 2.940472e-01
3.896000e+03 2.934617e-01
3.898000e+03 2.928778e-01
3.900000e+03 2.922954e-01
3.902000e+03 2.917145e-01
3.904000e+03 2.911353e-01
3.906000e+03 2.905574e-01
3.908000e+03 2.899812e-01
3.910000e+03 2.894064e-01
3.912000e+03 2.888332e-01
3.914000e+03 2.882614e-01
3.916000e+03 2.876912e-01
3.918000e+03 2.871224e-01
3.920000e+03 2.865552e-01
3.922000e+03 2.859894e-01
3.924000e+03 2.854251e-01
3.926000e+03 2.848623e-01
3.928000e+03 2.843010e-01
3.930000e+03 2.837411e-01
3.932000e+03 2.831827e-01
3.934000e+03 2.826258e-01
3.936000e+03 2.820702e-01
3.938000e+03 2.815162e-01
3.940000e+03 2.809636e-01
3.942000e+03 2.804124e-01
3.944000e+03 2.798627e-01
3.946000e+03 2.793144e-01
3.948000e+03 2.787675e-01
3.950000e+03 2.782221e-01
3.952000e+03 2.776780e-01
3.954000e+03 2.771354e-01
3.956000e+03 2.765942e-01
3.958000e+03 2.760544e-01
3.960000e+03 2.755160e-01
3.962000e+03 2.749789e-01
3.964000e+03 2.744433e-01
3.966000e+03 2.739091e-01
3.968000e+03 2.733762e-01
3.970000e+03 2.728447e-01
3.972000e+03 2.723146e-01
3.974000e+03 2.717859e-01
3.976000e+03 2.712585e-01
3.978000e+03 2.707324e-01
3.980000e+03 2.702078e-01
3.982000e+03 2.696845e-01
3.984000e+03 2.691625e-01
3.986000e+03 2.686419e-01
3.988000e+03 2.681226e-01
3.990000e+03 2.676046e-01
3.992000e+03 2.670880e-01
3.994000e+03 2.665727e-01
3.996000e+03 2.660587e-01
3.998000e+03 2.655460e-01
4.000000e+03 2.650347e-01
4.002000e+03 2.645246e-01
4.004000e+03 2.640159e-01
4.006000e+03 2.635085e-01
4.008000e+03 2.630023e-01
4.010000e+03 2.624975e-01
4.012000e+03 2.619940e-01
4.014000e+03 2.614917e-01
4.016000e+03 2.609907e-01
4.018000e+03 2.604910e-01
4.020000e+03 2.599925e-01
4.022000e+03 2.594952e-01
4.024000e+03 2.589992e-01
4.026000e+03 2.585045e-01
4.028000e+03 2.580112e-01
4.030000e+03 2.575193e-01
4.032000e+03 2.570288e-01
4.034000e+03 2.565396e-01
4.036000e+03 2.560514e-01
4.038000e+03 2.555640e-01
4.040000e+03 2.550772e-01
4.042000e+03 2.545910e-01
4.044000e+03 2.541060e-01
4.046000e+03 2.536230e-01
4.048000e+03 2.531427e-01
4.050000e+03 2.526660e-01
4.052000e+03 2.521932e-01
4.054000e+03 2.517240e-01
4.056000e+03 2.512575e-01
4.058000e+03 2.507929e-01
4.060000e+03 2.503293e-01
4.062000e+03 2.498661e-01
4.064000e+03 2.494035e-01
4.066000e+03 2.489417e-01
4.068000e+03 2.484809e-01
4.070000e+03 2.480213e-01
4.072000e+03 2.475633e-01
4.074000e+03 2.471067e-01
4.076000e+03 2.466513e-01
4.078000e+03 2.461971e-01
4.080000e+03 2.457438e-01
4.082000e+03 2.452914e-01
4.084000e+03 2.448400e-01
4.086000e+03 2.443898e-01
4.088000e+03 2.439411e-01
4.090000e+03 2.434941e-01
4.092000e+03 2.430488e-01
4.094000e+03 2.426048e-01
4.096000e+03 2.421612e-01
4.098000e+03 2.417175e-01
4.100000e+03 2.412729e-01
4.102000e+03 2.408269e-01
4.104000e+03 2.403801e-01
4.106000e+03 2.399330e-01
4.108000e+03 2.394863e-01
4.110000e+03 2.390407e-01
4.112000e+03 2.385967e-01
4.114000e+03 2.381544e-01
4.116000e+03 2.377134e-01
4.118000e+03 2.372737e-01
4.120000e+03 2.368351e-01
4.122000e+03 2.363974e-01
4.124000e+03 2.359607e-01
4.126000e+03 2.355249e-01
4.128000e+03 2.350903e-01
4.130000e+03 2.346567e-01
4.132000e+03 2.342242e-01
4.134000e+03 2.337928e-01
4.136000e+03 2.333626e-01
4.138000e+03 2.329333e-01
4.140000e+03 2.325050e-01
4.142000e+03 2.320777e-01
4.144000e+03 2.316515e-01
4.146000e+03 2.312266e-01
4.148000e+03 2.308030e-01
4.150000e+03 2.303808e-01
4.152000e+03 2.299602e-01
4.154000e+03 2.295411e-01
4.156000e+03 2.291233e-01
4.158000e+03 2.287066e-01
4.160000e+03 2.282910e-01
4.162000e+03 2.278763e-01
4.164000e+03 2.274625e-01
4.166000e+03 2.270497e-01
4.168000e+03 2.266378e-01
4.170000e+03 2.262269e-01
4.172000e+03 2.258170e-01
4.174000e+03 2.254082e-01
4.176000e+03 2.250004e-01
4.178000e+03 2.245936e-01
4.180000e+03 2.241880e-01
4.182000e+03 2.237834e-01
4.184000e+03 2.233798e-01
4.186000e+03 2.229771e-01
4.188000e+03 2.225752e-01
4.190000e+03 2.221739e-01
4.192000e+03 2.217732e-01
4.194000e+03 2.213734e-01
4.196000e+03 2.209751e-01
4.198000e+03 2.205786e-01
4.200000e+03 2.201843e-01
4.202000e+03 2.197926e-01
4.204000e+03 2.194031e-01
4.206000e+03 2.190155e-01
4.208000e+03 2.186293e-01
4.210000e+03 2.182441e-01
4.212000e+03 2.178596e-01
4.214000e+03 2.174757e-01
4.216000e+03 2.170925e-01
4.218000e+03 2.167102e-01
4.220000e+03 2.163288e-01
4.222000e+03 2.159484e-01
4.224000e+03 2.155689e-01
4.226000e+03 2.151904e-01
4.228000e+03 2.148127e-01
4.230000e+03 2.144358e-01
4.232000e+03 2.140597e-01
4.234000e+03 2.136844e-01
4.236000e+03 2.133102e-01
4.238000e+03 2.129373e-01
4.240000e+03 2.125659e-01
4.242000e+03 2.121960e-01
4.244000e+03 2.118270e-01
4.246000e+03 2.114584e-01
4.248000e+03 2.110896e-01
4.250000e+03 2.107198e-01
4.252000e+03 2.103487e-01
4.254000e+03 2.099767e-01
4.256000e+03 2.096044e-01
4.258000e+03 2.092324e-01
4.260000e+03 2.088613e-01
4.262000e+03 2.084916e-01
4.264000e+03 2.081233e-01
4.266000e+03 2.077562e-01
4.268000e+03 2.073901e-01
4.270000e+03 2.070249e-01
4.272000e+03 2.066603e-01
4.274000e+03 2.062965e-01
4.276000e+03 2.059335e-01
4.278000e+03 2.055714e-01
4.280000e+03 2.052103e-01
4.282000e+03 2.048501e-01
4.284000e+03 2.044908e-01
4.286000e+03 2.041323e-01
4.288000e+03 2.037744e-01
4.290000e+03 2.034171e-01
4.292000e+03 2.030602e-01
4.294000e+03 2.027040e-01
4.296000e+03 2.023492e-01
4.298000e+03 2.019960e-01
4.300000e+03 2.016450e-01
4.302000e+03 2.012964e-01
4.304000e+03 2.009498e-01
4.306000e+03 2.006049e-01
4.308000e+03 2.002611e-01
4.310000e+03 1.999180e-01
4.312000e+03 1.995752e-01
4.314000e+03 1.992327e-01
4.316000e+03 1.988908e-01
4.318000e+03 1.985497e-01
4.320000e+03 1.982094e-01
4.322000e+03 1.978703e-01
4.324000e+03 1.975322e-01
4.326000e+03 1.971950e-01
4.328000e+03 1.968587e-01
4.330000e+03 1.965232e-01
4.332000e+03 1.961885e-01
4.334000e+03 1.958543e-01
4.336000e+03 1.955207e-01
4.338000e+03 1.951876e-01
4.340000e+03 1.948549e-01
4.342000e+03 1.945227e-01
4.344000e+03 1.941913e-01
4.346000e+03 1.938613e-01
4.348000e+03 1.935331e-01
4.350000e+03 1.932073e-01
4.352000e+03 1.928842e-01
4.354000e+03 1.925635e-01
4.356000e+03 1.922445e-01
4.358000e+03 1.919268e-01
4.360000e+03 1.916097e-01
4.362000e+03 1.912929e-01
4.364000e+03 1.909763e-01
4.366000e+03 1.906604e-01
4.368000e+03 1.903453e-01
4.370000e+03 1.900312e-01
4.372000e+03 1.897182e-01
4.374000e+03 1.894063e-01
4.376000e+03 1.890951e-01
4.378000e+03 1.887843e-01
4.380000e+03 1.884737e-01
4.382000e+03 1.881630e-01
4.384000e+03 1.878527e-01
4.386000e+03 1.875430e-01
4.388000e+03 1.872344e-01
4.390000e+03 1.869272e-01
4.392000e+03 1.866218e-01
4.394000e+03 1.863176e-01
4.396000e+03 1.860141e-01
4.398000e+03 1.857107e-01
4.400000e+03 1.854067e-01
4.402000e+03 1.851017e-01
4.404000e+03 1.847961e-01
4.406000e+03 1.844904e-01
4.408000e+03 1.841852e-01
4.410000e+03 1.838809e-01
4.412000e+03 1.835779e-01
4.414000e+03 1.832760e-01
4.416000e+03 1.829749e-01
4.418000e+03 1.826744e-01
4.420000e+03 1.823739e-01
4.422000e+03 1.820734e-01
4.424000e+03 1.817731e-01
4.426000e+03 1.814732e-01
4.428000e+03 1.811741e-01
4.430000e+03 1.808761e-01
4.432000e+03 1.805795e-01
4.434000e+03 1.802842e-01
4.436000e+03 1.799900e-01
4.438000e+03 1.796967e-01
4.440000e+03 1.794041e-01
4.442000e+03 1.791121e-01
4.444000e+03 1.788206e-01
4.446000e+03 1.785295e-01
4.448000e+03 1.782387e-01
4.450000e+03 1.779481e-01
4.452000e+03 1.776577e-01
4.454000e+03 1.773677e-01
4.456000e+03 1.770784e-01
4.458000e+03 1.767899e-01
4.460000e+03 1.765025e-01
4.462000e+03 1.762165e-01
4.464000e+03 1.759315e-01
4.466000e+03 1.756473e-01
4.468000e+03 1.753636e-01
4.470000e+03 1.750800e-01
4.472000e+03 1.747964e-01
4.474000e+03 1.745131e-01
4.476000e+03 1.742302e-01
4.478000e+03 1.739483e-01
4.480000e+03 1.736675e-01
4.482000e+03 1.733881e-01
4.484000e+03 1.731098e-01
4.486000e+03 1.728322e-01
4.488000e+03 1.725549e-01
4.490000e+03 1.722774e-01
4.492000e+03 1.719997e-01
4.494000e+03 1.717221e-01
4.496000e+03 1.714453e-01
4.498000e+03 1.711701e-01
4.500000e+03 1.708970e-01
4.502000e+03 1.706266e-01
4.504000e+03 1.703585e-01
4.506000e+03 1.700921e-01
4.508000e+03 1.698267e-01
4.510000e+03 1.695619e-01
4.512000e+03 1.692971e-01
4.514000e+03 1.690325e-01
4.516000e+03 1.687683e-01
4.518000e+03 1.685048e-01
4.520000e+03 1.682422e-01
4.522000e+03 1.679808e-01
4.524000e+03 1.677205e-01
4.526000e+03 1.674612e-01
4.528000e+03 1.672028e-01
4.530000e+03 1.669453e-01
4.532000e+03 1.666884e-01
4.534000e+03 1.664316e-01
4.536000e+03 1.661744e-01
4.538000e+03 1.659161e-01
4.540000e+03 1.656561e-01
4.542000e+03 1.653944e-01
4.544000e+03 1.651332e-01
4.546000e+03 1.648754e-01
4.548000e+03 1.646236e-01
4.550000e+03 1.643806e-01
4.552000e+03 1.641484e-01
4.554000e+03 1.639250e-01
4.556000e+03 1.637076e-01
4.558000e+03 1.634934e-01
4.560000e+03 1.632794e-01
4.562000e+03 1.630635e-01
4.564000e+03 1.628460e-01
4.566000e+03 1.626276e-01
4.568000e+03 1.624092e-01
4.570000e+03 1.621916e-01
4.572000e+03 1.619755e-01
4.574000e+03 1.617605e-01
4.576000e+03 1.615463e-01
4.578000e+03 1.613323e-01
4.580000e+03 1.611182e-01
4.582000e+03 1.609036e-01
4.584000e+03 1.606894e-01
4.586000e+03 1.604765e-01
4.588000e+03 1.602660e-01
4.590000e+03 1.600589e-01
4.592000e+03 1.598553e-01
4.594000e+03 1.596526e-01
4.596000e+03 1.594471e-01
4.598000e+03 1.592353e-01
4.600000e+03 1.590135e-01
4.602000e+03 1.587795e-01
4.604000e+03 1.585355e-01
4.606000e+03 1.582850e-01
4.608000e+03 1.580317e-01
4.610000e+03 1.577789e-01
4.612000e+03 1.575296e-01
4.614000e+03 1.572836e-01
4.616000e+03 1.570402e-01
4.618000e+03 1.567985e-01
4.620000e+03 1.565579e-01
4.622000e+03 1.563175e-01
4.624000e+03 1.560774e-01
4.626000e+03 1.558376e-01
4.628000e+03 1.555980e-01
4.630000e+03 1.553586e-01
4.632000e+03 1.551196e-01
4.634000e+03 1.548807e-01
4.636000e+03 1.546419e-01
4.638000e+03 1.544031e-01
4.640000e+03 1.541641e-01
4.642000e+03 1.539251e-01
4.644000e+03 1.536866e-01
4.646000e+03 1.534495e-01
4.648000e+03 1.532145e-01
4.650000e+03 1.529826e-01
4.652000e+03 1.527542e-01
4.654000e+03 1.525286e-01
4.656000e+03 1.523049e-01
4.658000e+03 1.520822e-01
4.660000e+03 1.518594e-01
4.662000e+03 1.516359e-01
4.664000e+03 1.514119e-01
4.666000e+03 1.511878e-01
4.668000e+03 1.509642e-01
4.670000e+03 1.507415e-01
4.672000e+03 1.505200e-01
4.674000e+03 1.502996e-01
4.676000e+03 1.500800e-01
4.678000e+03 1.498611e-01
4.680000e+03 1.496424e-01
4.682000e+03 1.494238e-01
4.684000e+03 1.492052e-01
4.686000e+03 1.489867e-01
4.688000e+03 1.487680e-01
4.690000e+03 1.485493e-01
4.692000e+03 1.483307e-01
4.694000e+03 1.481130e-01
4.696000e+03 1.478972e-01
4.698000e+03 1.476845e-01
4.700000e+03 1.474758e-01
4.702000e+03 1.472718e-01
4.704000e+03 1.470715e-01
4.706000e+03 1.468738e-01
4.708000e+03 1.466774e-01
4.710000e+03 1.464809e-01
4.712000e+03 1.462835e-01
4.714000e+03 1.460853e-01
4.716000e+03 1.458870e-01
4.718000e+03 1.456889e-01
4.720000e+03 1.454916e-01
4.722000e+03 1.452956e-01
4.724000e+03 1.451007e-01
4.726000e+03 1.449069e-01
4.728000e+03 1.447138e-01
4.730000e+03 1.445214e-01
4.732000e+03 1.443294e-01
4.734000e+03 1.441373e-01
4.736000e+03 1.439444e-01
4.738000e+03 1.437503e-01
4.740000e+03 1.435543e-01
4.742000e+03 1.433566e-01
4.744000e+03 1.431597e-01
4.746000e+03 1.429669e-01
4.748000e+03 1.427816e-01
4.750000e+03 1.426071e-01
4.752000e+03 1.424456e-01
4.754000e+03 1.422947e-01
4.756000e+03 1.421513e-01
4.758000e+03 1.420120e-01
4.760000e+03 1.418733e-01
4.762000e+03 1.417328e-01
4.764000e+03 1.415903e-01
4.766000e+03 1.414466e-01
4.768000e+03 1.413024e-01
4.770000e+03 1.411582e-01
4.772000e+03 1.410147e-01
4.774000e+03 1.408719e-01
4.776000e+03 1.407298e-01
4.778000e+03 1.405881e-01
4.780000e+03 1.404468e-01
4.782000e+03 1.403059e-01
4.784000e+03 1.401657e-01
4.786000e+03 1.400267e-01
4.788000e+03 1.398892e-01
4.790000e+03 1.397536e-01
4.792000e+03 1.396200e-01
4.794000e+03 1.394865e-01
4.796000e+03 1.393508e-01
4.798000e+03 1.392107e-01
4.800000e+03 1.390639e-01
4.802000e+03 1.389089e-01
4.804000e+03 1.387475e-01
4.806000e+03 1.385820e-01
4.808000e+03 1.384151e-01
4.810000e+03 1.382492e-01
4.812000e+03 1.380862e-01
4.814000e+03 1.379259e-01
4.816000e+03 1.377673e-01
4.818000e+03 1.376098e-01
4.820000e+03 1.374522e-01
4.822000e+03 1.372941e-01
4.824000e+03 1.371355e-01
4.826000e+03 1.369765e-01
4.828000e+03 1.368173e-01
4.830000e+03 1.366583e-01
4.832000e+03 1.364996e-01
4.834000e+03 1.363419e-01
4.836000e+03 1.361860e-01
4.838000e+03 1.360324e-01
4.840000e+03 1.358820e-01
4.842000e+03 1.357346e-01
4.844000e+03 1.355873e-01
4.846000e+03 1.354365e-01
4.848000e+03 1.352784e-01
4.850000e+03 1.351093e-01
4.852000e+03 1.349268e-01
4.854000e+03 1.347335e-01
4.856000e+03 1.345332e-01
4.858000e+03 1.343298e-01
4.860000e+03 1.341270e-01
4.862000e+03 1.339280e-01
4.864000e+03 1.337324e-01
4.866000e+03 1.335392e-01
4.868000e+03 1.333472e-01
4.870000e+03 1.331555e-01
4.872000e+03 1.329631e-01
4.874000e+03 1.327702e-01
4.876000e+03 1.325774e-01
4.878000e+03 1.323851e-01
4.880000e+03 1.321937e-01
4.882000e+03 1.320035e-01
4.884000e+03 1.318140e-01
4.886000e+03 1.316243e-01
4.888000e+03 1.314337e-01
4.890000e+03 1.312414e-01
4.892000e+03 1.310472e-01
4.894000e+03 1.308531e-01
4.896000e+03 1.306618e-01
4.898000e+03 1.304757e-01
4.900000e+03 1.302974e-01
4.902000e+03 1.301288e-01
4.904000e+03 1.299680e-01
4.906000e+03 1.298125e-01
4.908000e+03 1.296598e-01
4.910000e+03 1.295071e-01
4.912000e+03 1.293526e-01
4.914000e+03 1.291964e-01
4.916000e+03 1.290392e-01
4.918000e+03 1.288818e-01
4.920000e+03 1.287249e-01
4.922000e+03 1.285692e-01
4.924000e+03 1.284148e-01
4.926000e+03 1.282617e-01
4.928000e+03 1.281098e-01
4.930000e+03 1.279592e-01
4.932000e+03 1.278097e-01
4.934000e+03 1.276599e-01
4.936000e+03 1.275085e-01
4.938000e+03 1.273541e-01
4.940000e+03 1.271951e-01
4.942000e+03 1.270314e-01
4.944000e+03 1.268680e-01
4.946000e+03 1.267110e-01
4.948000e+03 1.265665e-01
4.950000e+03 1.264409e-01
4.952000e+03 1.263382e-01
4.954000e+03 1.262535e-01
4.956000e+03 1.261801e-01
4.958000e+03 1.261110e-01
4.960000e+03 1.260394e-01
4.962000e+03 1.259602e-01
4.964000e+03 1.258754e-01
4.966000e+03 1.257886e-01
4.968000e+03 1.257037e-01
4.970000e+03 1.256245e-01
4.972000e+03 1.255535e-01
4.974000e+03 1.254889e-01
4.976000e+03 1.254274e-01
4.978000e+03 1.253658e-01
4.980000e+03 1.253012e-01
4.982000e+03 1.252311e-01
4.984000e+03 1.251558e-01
4.986000e+03 1.250766e-01
4.988000e+03 1.249947e-01
4.990000e+03 1.249111e-01
4.992000e+03 1.248272e-01
4.994000e+03 1.247449e-01
4.996000e+03 1.246665e-01
4.998000e+03 1.245940e-01
5.000000e+03 1.245295e-01
5.002000e+03 1.244744e-01
5.004000e+03 1.244270e-01
5.006000e+03 1.243847e-01
5.008000e+03 1.243450e-01
5.010000e+03 1.243053e-01
5.012000e+03 1.242636e-01
5.014000e+03 1.242203e-01
5.016000e+03 1.241763e-01
5.018000e+03 1.241324e-01
5.020000e+03 1.240896e-01
5.022000e+03 1.240483e-01
5.024000e+03 1.240080e-01
5.026000e+03 1.239675e-01
5.028000e+03 1.239259e-01
5.030000e+03 1.238822e-01
5.032000e+03 1.238360e-01
5.034000e+03 1.237898e-01
5.036000e+03 1.237468e-01
5.038000e+03 1.237102e-01
5.040000e+03 1.236831e-01
5.042000e+03 1.236662e-01
5.044000e+03 1.236503e-01
5.046000e+03 1.236236e-01
5.048000e+03 1.235745e-01
5.050000e+03 1.234911e-01
5.052000e+03 1.233656e-01
5.054000e+03 1.232055e-01
5.056000e+03 1.230222e-01
5.058000e+03 1.228272e-01
5.060000e+03 1.226317e-01
5.062000e+03 1.224451e-01
5.064000e+03 1.222681e-01
5.066000e+03 1.220990e-01
5.068000e+03 1.219365e-01
5.070000e+03 1.217790e-01
5.072000e+03 1.216249e-01
5.074000e+03 1.214727e-01
5.076000e+03 1.213205e-01
5.078000e+03 1.211667e-01
5.080000e+03 1.210095e-01
5.082000e+03 1.208476e-01
5.084000e+03 1.206818e-01
5.086000e+03 1.205133e-01
5.088000e+03 1.203432e-01
5.090000e+03 1.201728e-01
5.092000e+03 1.200031e-01
5.094000e+03 1.198348e-01
5.096000e+03 1.196682e-01
5.098000e+03 1.195040e-01
5.100000e+03 1.193424e-01
5.102000e+03 1.191841e-01
5.104000e+03 1.190296e-01
5.106000e+03 1.188795e-01
5.108000e+03 1.187345e-01
5.110000e+03 1.185950e-01
5.112000e+03 1.184613e-01
5.114000e+03 1.183308e-01
5.116000e+03 1.182008e-01
5.118000e+03 1.180684e-01
5.120000e+03 1.179306e-01
5.122000e+03 1.177857e-01
5.124000e+03 1.176363e-01
5.126000e+03 1.174860e-01
5.128000e+03 1.173385e-01
5.130000e+03 1.171975e-01
5.132000e+03 1.170653e-01
5.134000e+03 1.169387e-01
5.136000e+03 1.168130e-01
5.138000e+03 1.166837e-01
5.140000e+03 1.165461e-01
5.142000e+03 1.163978e-01
5.144000e+03 1.162442e-01
5.146000e+03 1.160928e-01
5.148000e+03 1.159513e-01
5.150000e+03 1.158270e-01
5.152000e+03 1.157252e-01
5.154000e+03 1.156407e-01
5.156000e+03 1.155659e-01
5.158000e+03 1.154934e-01
5.160000e+03 1.154156e-01
5.162000e+03 1.153270e-01
5.164000e+03 1.152300e-01
5.166000e+03 1.151294e-01
5.168000e+03 1.150296e-01
5.170000e+03 1.149353e-01
5.172000e+03 1.148498e-01
5.174000e+03 1.147707e-01
5.176000e+03 1.146945e-01
5.178000e+03 1.146176e-01
5.180000e+03 1.145366e-01
5.182000e+03 1.144487e-01
5.184000e+03 1.143555e-01
5.186000e+03 1.142596e-01
5.188000e+03 1.141635e-01
5.190000e+03 1.140697e-01
5.192000e+03 1.139805e-01
5.194000e+03 1.138968e-01
5.196000e+03 1.138193e-01
5.198000e+03 1.137486e-01
5.200000e+03 1.136853e-01
5.202000e+03 1.136297e-01
5.204000e+03 1.135806e-01
5.206000e+03 1.135363e-01
5.208000e+03 1.134953e-01
5.210000e+03 1.134559e-01
5.212000e+03 1.134165e-01
5.214000e+03 1.133759e-01
5.216000e+03 1.133328e-01
5.218000e+03 1.132860e-01
5.220000e+03 1.132342e-01
5.222000e+03 1.131768e-01
5.224000e+03 1.131161e-01
5.226000e+03 1.130550e-01
5.228000e+03 1.129963e-01
5.230000e+03 1.129431e-01
5.232000e+03 1.128971e-01
5.234000e+03 1.128563e-01
5.236000e+03 1.128175e-01
5.238000e+03 1.127775e-01
5.240000e+03 1.127332e-01
5.242000e+03 1.126830e-01
5.244000e+03 1.126315e-01
5.246000e+03 1.125849e-01
5.248000e+03 1.125493e-01
5.250000e+03 1.125308e-01
5.252000e+03 1.125334e-01
5.254000e+03 1.125522e-01
5.256000e+03 1.125799e-01
5.258000e+03 1.126094e-01
5.260000e+03 1.126334e-01
5.262000e+03 1.126469e-01
5.264000e+03 1.126524e-01
5.266000e+03 1.126545e-01
5.268000e+03 1.126581e-01
5.270000e+03 1.126676e-01
5.272000e+03 1.126863e-01
5.274000e+03 1.127115e-01
5.276000e+03 1.127387e-01
5.278000e+03 1.127637e-01
5.280000e+03 1.127823e-01
5.282000e+03 1.127916e-01
5.284000e+03 1.127955e-01
5.286000e+03 1.127994e-01
5.288000e+03 1.128084e-01
5.290000e+03 1.128281e-01
5.292000e+03 1.128612e-01
5.294000e+03 1.129004e-01
5.296000e+03 1.129357e-01
5.298000e+03 1.129574e-01
5.300000e+03 1.129554e-01
5.302000e+03 1.129231e-01
5.304000e+03 1.128662e-01
5.306000e+03 1.127936e-01
5.308000e+03 1.127141e-01
5.310000e+03 1.126367e-01
5.312000e+03 1.125682e-01
5.314000e+03 1.125067e-01
5.316000e+03 1.124483e-01
5.318000e+03 1.123890e-01
5.320000e+03 1.123249e-01
5.322000e+03 1.122532e-01
5.324000e+03 1.121759e-01
5.326000e+03 1.120962e-01
5.328000e+03 1.120173e-01
5.330000e+03 1.119425e-01
5.332000e+03 1.118740e-01
5.334000e+03 1.118112e-01
5.336000e+03 1.117526e-01
5.338000e+03 1.116967e-01
5.340000e+03 1.116420e-01
5.342000e+03 1.115870e-01
5.344000e+03 1.115309e-01
5.346000e+03 1.114726e-01
5.348000e+03 1.114113e-01
5.350000e+03 1.113460e-01
5.352000e+03 1.112764e-01
5.354000e+03 1.112035e-01
5.356000e+03 1.111289e-01
5.358000e+03 1.110544e-01
5.360000e+03 1.109813e-01
5.362000e+03 1.109109e-01
5.364000e+03 1.108416e-01
5.366000e+03 1.107715e-01
5.368000e+03 1.106986e-01
5.370000e+03 1.106210e-01
5.372000e+03 1.105375e-01
5.374000e+03 1.104500e-01
5.376000e+03 1.103614e-01
5.378000e+03 1.102744e-01
5.380000e+03 1.101918e-01
5.382000e+03 1.101156e-01
5.384000e+03 1.100445e-01
5.386000e+03 1.099765e-01
5.388000e+03 1.099098e-01
5.390000e+03 1.098422e-01
5.392000e+03 1.097723e-01
5.394000e+03 1.097013e-01
5.396000e+03 1.096308e-01
5.398000e+03 1.095624e-01
5.400000e+03 1.094978e-01
5.402000e+03 1.094382e-01
5.404000e+03 1.093830e-01
5.406000e+03 1.093312e-01
5.408000e+03 1.092819e-01
5.410000e+03 1.092340e-01
5.412000e+03 1.091864e-01
5.414000e+03 1.091380e-01
5.416000e+03 1.090875e-01
5.418000e+03 1.090337e-01
5.420000e+03 1.089753e-01
5.422000e+03 1.089117e-01
5.424000e+03 1.088447e-01
5.426000e+03 1.087765e-01
5.428000e+03 1.087096e-01
5.430000e+03 1.086463e-01
5.432000e+03 1.085884e-01
5.434000e+03 1.085356e-01
5.436000e+03 1.084868e-01
5.438000e+03 1.084412e-01
5.440000e+03 1.083978e-01
5.442000e+03 1.083555e-01
5.444000e+03 1.083122e-01
5.446000e+03 1.082657e-01
5.448000e+03 1.082138e-01
5.450000e+03 1.081543e-01
5.452000e+03 1.080858e-01
5.454000e+03 1.080100e-01
5.456000e+03 1.079296e-01
5.458000e+03 1.078470e-01
5.460000e+03 1.077648e-01
5.462000e+03 1.076851e-01
5.464000e+03 1.076077e-01
5.466000e+03 1.075318e-01
5.468000e+03 1.074565e-01
5.470000e+03 1.073813e-01
5.472000e+03 1.073054e-01
5.474000e+03 1.072290e-01
5.476000e+03 1.071527e-01
5.478000e+03 1.070767e-01
5.480000e+03 1.070014e-01
5.482000e+03 1.069270e-01
5.484000e+03 1.068531e-01
5.486000e+03 1.067788e-01
5.488000e+03 1.067034e-01
5.490000e+03 1.066262e-01
5.492000e+03 1.065471e-01
5.494000e+03 1.064679e-01
5.496000e+03 1.063912e-01
5.498000e+03 1.063197e-01
5.500000e+03 1.062558e-01
5.502000e+03 1.062012e-01
5.504000e+03 1.061547e-01
5.506000e+03 1.061139e-01
5.508000e+03 1.060767e-01
5.510000e+03 1.060410e-01
5.512000e+03 1.060046e-01
5.514000e+03 1.059663e-01
5.516000e+03 1.059252e-01
5.518000e+03 1.058800e-01
5.520000e+03 1.058297e-01
5.522000e+03 1.057740e-01
5.524000e+03 1.057150e-01
5.526000e+03 1.056558e-01
5.528000e+03 1.055994e-01
5.530000e+03 1.055485e-01
5.532000e+03 1.055053e-01
5.534000e+03 1.054670e-01
5.536000e+03 1.054302e-01
5.538000e+03 1.053912e-01
5.540000e+03 1.053464e-01
5.542000e+03 1.052941e-01
5.544000e+03 1.052404e-01
5.546000e+03 1.051930e-01
5.548000e+03 1.051598e-01
5.550000e+03 1.051487e-01
5.552000e+03 1.051653e-01
5.554000e+03 1.052055e-01
5.556000e+03 1.052632e-01
5.558000e+03 1.053322e-01
5.560000e+03 1.054061e-01
5.562000e+03 1.054797e-01
5.564000e+03 1.055511e-01
5.566000e+03 1.056194e-01
5.568000e+03 1.056837e-01
5.570000e+03 1.057431e-01
5.572000e+03 1.057971e-01
5.574000e+03 1.058481e-01
5.576000e+03 1.058986e-01
5.578000e+03 1.059514e-01
5.580000e+03 1.060091e-01
5.582000e+03 1.060737e-01
5.584000e+03 1.061432e-01
5.586000e+03 1.062150e-01
5.588000e+03 1.062864e-01
5.590000e+03 1.063547e-01
5.592000e+03 1.064176e-01
5.594000e+03 1.064756e-01
5.596000e+03 1.065296e-01
5.598000e+03 1.065804e-01
5.600000e+03 1.066291e-01
5.602000e+03 1.066761e-01
5.604000e+03 1.067209e-01
5.606000e+03 1.067626e-01
5.608000e+03 1.068000e-01
5.610000e+03 1.068323e-01
5.612000e+03 1.068591e-01
5.614000e+03 1.068827e-01
5.616000e+03 1.069061e-01
5.618000e+03 1.069322e-01
5.620000e+03 1.069640e-01
5.622000e+03 1.070032e-01
5.624000e+03 1.070476e-01
5.626000e+03 1.070935e-01
5.628000e+03 1.071375e-01
5.630000e+03 1.071761e-01
5.632000e+03 1.072070e-01
5.634000e+03 1.072327e-01
5.636000e+03 1.072570e-01
5.638000e+03 1.072837e-01
5.640000e+03 1.073166e-01
5.642000e+03 1.073580e-01
5.644000e+03 1.074050e-01
5.646000e+03 1.074533e-01
5.648000e+03 1.074986e-01
5.650000e+03 1.075365e-01
5.652000e+03 1.075638e-01
5.654000e+03 1.075821e-01
5.656000e+03 1.075940e-01
5.658000e+03 1.076022e-01
5.660000e+03 1.076093e-01
5.662000e+03 1.076178e-01
5.664000e+03 1.076288e-01
5.666000e+03 1.076433e-01
5.668000e+03 1.076622e-01
5.670000e+03 1.076864e-01
5.672000e+03 1.077162e-01
5.674000e+03 1.077494e-01
5.676000e+03 1.077833e-01
5.678000e+03 1.078150e-01
5.680000e+03 1.078416e-01
5.682000e+03 1.078615e-01
5.684000e+03 1.078767e-01
5.686000e+03 1.078906e-01
5.688000e+03 1.079062e-01
5.690000e+03 1.079268e-01
5.692000e+03 1.079541e-01
5.694000e+03 1.079830e-01
5.696000e+03 1.080071e-01
5.698000e+03 1.080200e-01
5.700000e+03 1.080150e-01
5.702000e+03 1.079876e-01
5.704000e+03 1.079407e-01
5.706000e+03 1.078793e-01
5.708000e+03 1.078081e-01
5.710000e+03 1.077320e-01
5.712000e+03 1.076553e-01
5.714000e+03 1.075800e-01
5.716000e+03 1.075076e-01
5.718000e+03 1.074396e-01
5.720000e+03 1.073774e-01
5.722000e+03 1.073216e-01
5.724000e+03 1.072696e-01
5.726000e+03 1.072179e-01
5.728000e+03 1.071631e-01
5.730000e+03 1.071017e-01
5.732000e+03 1.070316e-01
5.734000e+03 1.069567e-01
5.736000e+03 1.068818e-01
5.738000e+03 1.068123e-01
5.740000e+03 1.067533e-01
5.742000e+03 1.067072e-01
5.744000e+03 1.066671e-01
5.746000e+03 1.066231e-01
5.748000e+03 1.065655e-01
5.750000e+03 1.064847e-01
5.752000e+03 1.063740e-01
5.754000e+03 1.062387e-01
5.756000e+03 1.060873e-01
5.758000e+03 1.059280e-01
5.760000e+03 1.057692e-01
5.762000e+03 1.056177e-01
5.764000e+03 1.054728e-01
5.766000e+03 1.053324e-01
5.768000e+03 1.051943e-01
5.770000e+03 1.050563e-01
5.772000e+03 1.049166e-01
5.774000e+03 1.047754e-01
5.776000e+03 1.046332e-01
5.778000e+03 1.044905e-01
5.780000e+03 1.043479e-01
5.782000e+03 1.042059e-01
5.784000e+03 1.040645e-01
5.786000e+03 1.039234e-01
5.788000e+03 1.037826e-01
5.790000e+03 1.036419e-01
5.792000e+03 1.035013e-01
5.794000e+03 1.033606e-01
5.796000e+03 1.032201e-01
5.798000e+03 1.030797e-01
5.800000e+03 1.029395e-01
5.802000e+03 1.027995e-01
5.804000e+03 1.026597e-01
5.806000e+03 1.025201e-01
5.808000e+03 1.023807e-01
5.810000e+03 1.022415e-01
5.812000e+03 1.021024e-01
5.814000e+03 1.019634e-01
5.816000e+03 1.018244e-01
5.818000e+03 1.016852e-01
5.820000e+03 1.015458e-01
5.822000e+03 1.014062e-01
5.824000e+03 1.012668e-01
5.826000e+03 1.011279e-01
5.828000e+03 1.009900e-01
5.830000e+03 1.008535e-01
5.832000e+03 1.007185e-01
5.834000e+03 1.005838e-01
5.836000e+03 1.004476e-01
5.838000e+03 1.003084e-01
5.840000e+03 1.001645e-01
5.842000e+03 1.000156e-01
5.844000e+03 9.986642e-02
5.846000e+03 9.972316e-02
5.848000e+03 9.959191e-02
5.850000e+03 9.947877e-02
5.852000e+03 9.938803e-02
5.854000e+03 9.931672e-02
5.856000e+03 9.926006e-02
5.858000e+03 9.921327e-02
5.860000e+03 9.917157e-02
5.862000e+03 9.913073e-02
5.864000e+03 9.908880e-02
5.866000e+03 9.904438e-02
5.868000e+03 9.899610e-02
5.870000e+03 9.894255e-02
5.872000e+03 9.888309e-02
5.874000e+03 9.882013e-02
5.876000e+03 9.875680e-02
5.878000e+03 9.869625e-02
5.880000e+03 9.864161e-02
5.882000e+03 9.859486e-02
5.884000e+03 9.855319e-02
5.886000e+03 9.851261e-02
5.888000e+03 9.846915e-02
5.890000e+03 9.841880e-02
5.892000e+03 9.835919e-02
5.894000e+03 9.829431e-02
5.896000e+03 9.822974e-02
5.898000e+03 9.817109e-02
5.900000e+03 9.812394e-02
5.902000e+03 9.809230e-02
5.904000e+03 9.807378e-02
5.906000e+03 9.806445e-02
5.908000e+03 9.806034e-02
5.910000e+03 9.805749e-02
5.912000e+03 9.805249e-02
5.914000e+03 9.804423e-02
5.916000e+03 9.803212e-02
5.918000e+03 9.801561e-02
5.920000e+03 9.799410e-02
5.922000e+03 9.796756e-02
5.924000e+03 9.793804e-02
5.926000e+03 9.790813e-02
5.928000e+03 9.788042e-02
5.930000e+03 9.785747e-02
5.932000e+03 9.784104e-02
5.934000e+03 9.782953e-02
5.936000e+03 9.782049e-02
5.938000e+03 9.781148e-02
5.940000e+03 9.780004e-02
5.942000e+03 9.778474e-02
5.944000e+03 9.776811e-02
5.946000e+03 9.775370e-02
5.948000e+03 9.774503e-02
5.950000e+03 9.774566e-02
5.952000e+03 9.775776e-02
5.954000e+03 9.777816e-02
5.956000e+03 9.780228e-02
5.958000e+03 9.782559e-02
5.960000e+03 9.784354e-02
5.962000e+03 9.785300e-02
5.964000e+03 9.785646e-02
5.966000e+03 9.785788e-02
5.968000e+03 9.786117e-02
5.970000e+03 9.787028e-02
5.972000e+03 9.788781e-02
5.974000e+03 9.791097e-02
5.976000e+03 9.793565e-02
5.978000e+03 9.795772e-02
5.980000e+03 9.797306e-02
5.982000e+03 9.797917e-02
5.984000e+03 9.797996e-02
5.986000e+03 9.798095e-02
5.988000e+03 9.798768e-02
5.990000e+03 9.800568e-02
5.992000e+03 9.803773e-02
5.994000e+03 9.807561e-02
5.996000e+03 9.810833e-02
5.998000e+03 9.812491e-02
6.000000e+03 9.811434e-02
6.002000e+03 9.806911e-02
6.004000e+03 9.799543e-02
6.006000e+03 9.790301e-02
6.008000e+03 9.780152e-02
6.010000e+03 9.770066e-02
6.012000e+03 9.760809e-02
6.014000e+03 9.752332e-02
6.016000e+03 9.744384e-02
6.018000e+03 9.736715e-02
6.020000e+03 9.729073e-02
6.022000e+03 9.721253e-02
6.024000e+03 9.713235e-02
6.026000e+03 9.705043e-02
6.028000e+03 9.696701e-02
6.030000e+03 9.688237e-02
6.032000e+03 9.679694e-02
6.034000e+03 9.671210e-02
6.036000e+03 9.662941e-02
6.038000e+03 9.655043e-02
6.040000e+03 9.647671e-02
6.042000e+03 9.640849e-02
6.044000e+03 9.634060e-02
6.046000e+03 9.626650e-02
6.048000e+03 9.617969e-02
6.050000e+03 9.607362e-02
6.052000e+03 9.594398e-02
6.054000e+03 9.579512e-02
6.056000e+03 9.563362e-02
6.058000e+03 9.546602e-02
6.060000e+03 9.529886e-02
6.062000e+03 9.513731e-02
6.064000e+03 9.498099e-02
6.066000e+03 9.482814e-02
6.068000e+03 9.467698e-02
6.070000e+03 9.452575e-02
6.072000e+03 9.437307e-02
6.074000e+03 9.421907e-02
6.076000e+03 9.406427e-02
6.078000e+03 9.390916e-02
6.080000e+03 9.375427e-02
6.082000e+03 9.359999e-02
6.084000e+03 9.344626e-02
6.086000e+03 9.329290e-02
6.088000e+03 9.313975e-02
6.090000e+03 9.298661e-02
6.092000e+03 9.283336e-02
6.094000e+03 9.268003e-02
6.096000e+03 9.252673e-02
6.098000e+03 9.237353e-02
6.100000e+03 9.222052e-02
6.102000e+03 9.206776e-02
6.104000e+03 9.191521e-02
6.106000e+03 9.176280e-02
6.108000e+03 9.161048e-02
6.110000e+03 9.145819e-02
6.112000e+03 9.130587e-02
6.114000e+03 9.115358e-02
6.116000e+03 9.100136e-02
6.118000e+03 9.084928e-02
6.120000e+03 9.069740e-02
6.122000e+03 9.054575e-02
6.124000e+03 9.039424e-02
6.126000e+03 9.024274e-02
6.128000e+03 9.009112e-02
6.130000e+03 8.993929e-02
6.132000e+03 8.978718e-02
6.134000e+03 8.963509e-02
6.136000e+03 8.948338e-02
6.138000e+03 8.933242e-02
6.140000e+03 8.918259e-02
6.142000e+03 8.903398e-02
6.144000e+03 8.888562e-02
6.146000e+03 8.873626e-02
6.148000e+03 8.858465e-02
6.150000e+03 8.842957e-02
6.152000e+03 8.827011e-02
6.154000e+03 8.810683e-02
6.156000e+03 8.794063e-02
6.158000e+03 8.777241e-02
6.160000e+03 8.760306e-02
6.162000e+03 8.743358e-02
6.164000e+03 8.726516e-02
6.166000e+03 8.709909e-02
6.168000e+03 8.693666e-02
6.170000e+03 8.677915e-02
6.172000e+03 8.662722e-02
6.174000e+03 8.647905e-02
6.176000e+03 8.633220e-02
6.178000e+03 8.618423e-02
6.180000e+03 8.603271e-02
6.182000e+03 8.587581e-02
6.184000e+03 8.571419e-02
6.186000e+03 8.554913e-02
6.188000e+03 8.538191e-02
6.190000e+03 8.521380e-02
6.192000e+03 8.504602e-02
6.194000e+03 8.487950e-02
6.196000e+03 8.471514e-02
6.198000e+03 8.455381e-02
6.200000e+03 8.439638e-02
6.202000e+03 8.424341e-02
6.204000e+03 8.409406e-02
6.206000e+03 8.394720e-02
6.208000e+03 8.380165e-02
6.210000e+03 8.365627e-02
6.212000e+03 8.351012e-02
6.214000e+03 8.336318e-02
6.216000e+03 8.321565e-02
6.218000e+03 8.306774e-02
6.220000e+03 8.291966e-02
6.222000e+03 8.277159e-02
6.224000e+03 8.262379e-02
6.226000e+03 8.247648e-02
6.228000e+03 8.232990e-02
6.230000e+03 8.218427e-02
6.232000e+03 8.203962e-02
6.234000e+03 8.189502e-02
6.236000e+03 8.174935e-02
6.238000e+03 8.160146e-02
6.240000e+03 8.145022e-02
6.242000e+03 8.129542e-02
6.244000e+03 8.114055e-02
6.246000e+03 8.099002e-02
6.248000e+03 8.084824e-02
6.250000e+03 8.071962e-02
6.252000e+03 8.060688e-02
6.254000e+03 8.050594e-02
6.256000e+03 8.041104e-02
6.258000e+03 8.031641e-02
6.260000e+03 8.021627e-02
6.262000e+03 8.010654e-02
6.264000e+03 7.998976e-02
6.266000e+03 7.987017e-02
6.268000e+03 7.975198e-02
6.270000e+03 7.963941e-02
6.272000e+03 7.953534e-02
6.274000e+03 7.943725e-02
6.276000e+03 7.934130e-02
6.278000e+03 7.924363e-02
6.280000e+03 7.914038e-02
6.282000e+03 7.902900e-02
6.284000e+03 7.891213e-02
6.286000e+03 7.879369e-02
6.288000e+03 7.867762e-02
6.290000e+03 7.856783e-02
6.292000e+03 7.846685e-02
6.294000e+03 7.837148e-02
6.296000e+03 7.827713e-02
6.298000e+03 7.817921e-02
6.300000e+03 7.807311e-02
6.302000e+03 7.795559e-02
6.304000e+03 7.782887e-02
6.306000e+03 7.769652e-02
6.308000e+03 7.756208e-02
6.310000e+03 7.742914e-02
6.312000e+03 7.730026e-02
6.314000e+03 7.717404e-02
6.316000e+03 7.704808e-02
6.318000e+03 7.692000e-02
6.320000e+03 7.678739e-02
6.322000e+03 7.664867e-02
6.324000e+03 7.650546e-02
6.326000e+03 7.636021e-02
6.328000e+03 7.621533e-02
6.330000e+03 7.607326e-02
6.332000e+03 7.593599e-02
6.334000e+03 7.580377e-02
6.336000e+03 7.567644e-02
6.338000e+03 7.555381e-02
6.340000e+03 7.543571e-02
6.342000e+03 7.532110e-02
6.344000e+03 7.520555e-02
6.346000e+03 7.508376e-02
6.348000e+03 7.495045e-02
6.350000e+03 7.480031e-02
6.352000e+03 7.463012e-02
6.354000e+03 7.444477e-02
6.356000e+03 7.425121e-02
6.358000e+03 7.405639e-02
6.360000e+03 7.386722e-02
6.362000e+03 7.368875e-02
6.364000e+03 7.351833e-02
6.366000e+03 7.335138e-02
6.368000e+03 7.318338e-02
6.370000e+03 7.300976e-02
6.372000e+03 7.282743e-02
6.374000e+03 7.263912e-02
6.376000e+03 7.244904e-02
6.378000e+03 7.226136e-02
6.380000e+03 7.208028e-02
6.382000e+03 7.190844e-02
6.384000e+03 7.174224e-02
6.386000e+03 7.157658e-02
6.388000e+03 7.140630e-02
6.390000e+03 7.122631e-02
6.392000e+03 7.103386e-02
6.394000e+03 7.083579e-02
6.396000e+03 7.064136e-02
6.398000e+03 7.045980e-02
6.400000e+03 7.030032e-02
6.402000e+03 7.016952e-02
6.404000e+03 7.006340e-02
6.406000e+03 6.997535e-02
6.408000e+03 6.989874e-02
6.410000e+03 6.982695e-02
6.412000e+03 6.975432e-02
6.414000e+03 6.967909e-02
6.416000e+03 6.960044e-02
6.418000e+03 6.951756e-02
6.420000e+03 6.942965e-02
6.422000e+03 6.933648e-02
6.424000e+03 6.924015e-02
6.426000e+03 6.914333e-02
6.428000e+03 6.904872e-02
6.430000e+03 6.895899e-02
6.432000e+03 6.887593e-02
6.434000e+03 6.879779e-02
6.436000e+03 6.872193e-02
6.438000e+03 6.864569e-02
6.440000e+03 6.856645e-02
6.442000e+03 6.848209e-02
6.444000e+03 6.839264e-02
6.446000e+03 6.829868e-02
6.448000e+03 6.820076e-02
6.450000e+03 6.809945e-02
6.452000e+03 6.799531e-02
6.454000e+03 6.788877e-02
6.456000e+03 6.778027e-02
6.458000e+03 6.767022e-02
6.460000e+03 6.755905e-02
6.462000e+03 6.744734e-02
6.464000e+03 6.733634e-02
6.466000e+03 6.722745e-02
6.468000e+03 6.712206e-02
6.470000e+03 6.702157e-02
6.472000e+03 6.692673e-02
6.474000e+03 6.683568e-02
6.476000e+03 6.674589e-02
6.478000e+03 6.665484e-02
6.480000e+03 6.656001e-02
6.482000e+03 6.645954e-02
6.484000e+03 6.635430e-02
6.486000e+03 6.624580e-02
6.488000e+03 6.613556e-02
6.490000e+03 6.602511e-02
6.492000e+03 6.591571e-02
6.494000e+03 6.580766e-02
6.496000e+03 6.570098e-02
6.498000e+03 6.559572e-02
6.500000e+03 6.549194e-02
6.502000e+03 6.538936e-02
6.504000e+03 6.528661e-02
6.506000e+03 6.518201e-02
6.508000e+03 6.507388e-02
6.510000e+03 6.496054e-02
6.512000e+03 6.484111e-02
6.514000e+03 6.471787e-02
6.516000e+03 6.459387e-02
6.518000e+03 6.447219e-02
6.520000e+03 6.435587e-02
6.522000e+03 6.424691e-02
6.524000e+03 6.414301e-02
6.526000e+03 6.404082e-02
6.528000e+03 6.393695e-02
6.530000e+03 6.382806e-02
6.532000e+03 6.371187e-02
6.534000e+03 6.359048e-02
6.536000e+03 6.346707e-02
6.538000e+03 6.334482e-02
6.540000e+03 6.322693e-02
6.542000e+03 6.311567e-02
6.544000e+03 6.300972e-02
6.546000e+03 6.290685e-02
6.548000e+03 6.280483e-02
6.550000e+03 6.270143e-02
6.552000e+03 6.259519e-02
6.554000e+03 6.248758e-02
6.556000e+03 6.238082e-02
6.558000e+03 6.227715e-02
6.560000e+03 6.217879e-02
6.562000e+03 6.208707e-02
6.564000e+03 6.199969e-02
6.566000e+03 6.191346e-02
6.568000e+03 6.182518e-02
6.570000e+03 6.173166e-02
6.572000e+03 6.163082e-02
6.574000e+03 6.152499e-02
6.576000e+03 6.141766e-02
6.578000e+03 6.131227e-02
6.580000e+03 6.121229e-02
6.582000e+03 6.112000e-02
6.584000e+03 6.103301e-02
6.586000e+03 6.094779e-02
6.588000e+03 6.086078e-02
6.590000e+03 6.076843e-02
6.592000e+03 6.066837e-02
6.594000e+03 6.056302e-02
6.596000e+03 6.045600e-02
6.598000e+03 6.035089e-02
6.600000e+03 6.025130e-02
6.602000e+03 6.015963e-02
6.604000e+03 6.007347e-02
6.606000e+03 5.998917e-02
6.608000e+03 5.990311e-02
6.610000e+03 5.981167e-02
6.612000e+03 5.971244e-02
6.614000e+03 5.960781e-02
6.616000e+03 5.950142e-02
6.618000e+03 5.939687e-02
6.620000e+03 5.929777e-02
6.622000e+03 5.920655e-02
6.624000e+03 5.912079e-02
6.626000e+03 5.903689e-02
6.628000e+03 5.895126e-02
6.630000e+03 5.886028e-02
6.632000e+03 5.876156e-02
6.634000e+03 5.865751e-02
6.636000e+03 5.855175e-02
6.638000e+03 5.844789e-02
6.640000e+03 5.834954e-02
6.642000e+03 5.825912e-02
6.644000e+03 5.817420e-02
6.646000e+03 5.809115e-02
6.648000e+03 5.800635e-02
6.650000e+03 5.791617e-02
6.652000e+03 5.781820e-02
6.654000e+03 5.771483e-02
6.656000e+03 5.760970e-02
6.658000e+03 5.750640e-02
6.660000e+03 5.740855e-02
6.662000e+03 5.731856e-02
6.664000e+03 5.723403e-02
6.666000e+03 5.715136e-02
6.668000e+03 5.706695e-02
6.670000e+03 5.697720e-02
6.672000e+03 5.687971e-02
6.674000e+03 5.677685e-02
6.676000e+03 5.667216e-02
6.678000e+03 5.656921e-02
6.680000e+03 5.647156e-02
6.682000e+03 5.638161e-02
6.684000e+03 5.629715e-02
6.686000e+03 5.621484e-02
6.688000e+03 5.613131e-02
6.690000e+03 5.604321e-02
6.692000e+03 5.594819e-02
6.694000e+03 5.584789e-02
6.696000e+03 5.574493e-02
6.698000e+03 5.564196e-02
6.700000e+03 5.554159e-02
6.702000e+03 5.544604e-02
6.704000e+03 5.535572e-02
6.706000e+03 5.527064e-02
6.708000e+03 5.519080e-02
6.710000e+03 5.511620e-02
6.712000e+03 5.504638e-02
6.714000e+03 5.497918e-02
6.716000e+03 5.491195e-02
6.718000e+03 5.484209e-02
6.720000e+03 5.476695e-02
6.722000e+03 5.468492e-02
6.724000e+03 5.459832e-02
6.726000e+03 5.451049e-02
6.728000e+03 5.442474e-02
6.730000e+03 5.434442e-02
6.732000e+03 5.427169e-02
6.734000e+03 5.420419e-02
6.736000e+03 5.413841e-02
6.738000e+03 5.407082e-02
6.740000e+03 5.399792e-02
6.742000e+03 5.391737e-02
6.744000e+03 5.383157e-02
6.746000e+03 5.374406e-02
6.748000e+03 5.365842e-02
6.750000e+03 5.357820e-02
6.752000e+03 5.350579e-02
6.754000e+03 5.343879e-02
6.756000e+03 5.337363e-02
6.758000e+03 5.330674e-02
6.760000e+03 5.323454e-02
6.762000e+03 5.315464e-02
6.764000e+03 5.306943e-02
6.766000e+03 5.298247e-02
6.768000e+03 5.289733e-02
6.770000e+03 5.281759e-02
6.772000e+03 5.274561e-02
6.774000e+03 5.267906e-02
6.776000e+03 5.261439e-02
6.778000e+03 5.254808e-02
6.780000e+03 5.247658e-02
6.782000e+03 5.239751e-02
6.784000e+03 5.231308e-02
6.786000e+03 5.222666e-02
6.788000e+03 5.214160e-02
6.790000e+03 5.206127e-02
6.792000e+03 5.198802e-02
6.794000e+03 5.192021e-02
6.796000e+03 5.185520e-02
6.798000e+03 5.179034e-02
6.800000e+03 5.172299e-02
6.802000e+03 5.165096e-02
6.804000e+03 5.157379e-02
6.806000e+03 5.149148e-02
6.808000e+03 5.140403e-02
6.810000e+03 5.131144e-02
6.812000e+03 5.121413e-02
6.814000e+03 5.111428e-02
6.816000e+03 5.101451e-02
6.818000e+03 5.091742e-02
6.820000e+03 5.082562e-02
6.822000e+03 5.074075e-02
6.824000e+03 5.066055e-02
6.826000e+03 5.058179e-02
6.828000e+03 5.050123e-02
6.830000e+03 5.041565e-02
6.832000e+03 5.032289e-02
6.834000e+03 5.022503e-02
6.836000e+03 5.012525e-02
6.838000e+03 5.002669e-02
6.840000e+03 4.993252e-02
6.842000e+03 4.984498e-02
6.844000e+03 4.976274e-02
6.846000e+03 4.968352e-02
6.848000e+03 4.960508e-02
6.850000e+03 4.952516e-02
6.852000e+03 4.944227e-02
6.854000e+03 4.935794e-02
6.856000e+03 4.927444e-02
6.858000e+03 4.919406e-02
6.860000e+03 4.911910e-02
6.862000e+03 4.905090e-02
6.864000e+03 4.898714e-02
6.866000e+03 4.892456e-02
6.868000e+03 4.885989e-02
6.870000e+03 4.878987e-02
6.872000e+03 4.871239e-02
6.874000e+03 4.862979e-02
6.876000e+03 4.854559e-02
6.878000e+03 4.846327e-02
6.880000e+03 4.838633e-02
6.882000e+03 4.831710e-02
6.884000e+03 4.825328e-02
6.886000e+03 4.819138e-02
6.888000e+03 4.812795e-02
6.890000e+03 4.805952e-02
6.892000e+03 4.798372e-02
6.894000e+03 4.790258e-02
6.896000e+03 4.781924e-02
6.898000e+03 4.773682e-02
6.900000e+03 4.765846e-02
6.902000e+03 4.758646e-02
6.904000e+03 4.751983e-02
6.906000e+03 4.745677e-02
6.908000e+03 4.739548e-02
6.910000e+03 4.733415e-02
6.912000e+03 4.727134e-02
6.914000e+03 4.720716e-02
6.916000e+03 4.714206e-02
6.918000e+03 4.707650e-02
6.920000e+03 4.701096e-02
6.922000e+03 4.694580e-02
6.924000e+03 4.688102e-02
6.926000e+03 4.681651e-02
6.928000e+03 4.675219e-02
6.930000e+03 4.668795e-02
6.932000e+03 4.662373e-02
6.934000e+03 4.655951e-02
6.936000e+03 4.649533e-02
6.938000e+03 4.643119e-02
6.940000e+03 4.636713e-02
6.942000e+03 4.630316e-02
6.944000e+03 4.623925e-02
6.946000e+03 4.617536e-02
6.948000e+03 4.611147e-02
6.950000e+03 4.604755e-02
6.952000e+03 4.598357e-02
6.954000e+03 4.591957e-02
6.956000e+03 4.585560e-02
6.958000e+03 4.579172e-02
6.960000e+03 4.572798e-02
6.962000e+03 4.566439e-02
6.964000e+03 4.560094e-02
6.966000e+03 4.553754e-02
6.968000e+03 4.547415e-02
6.970000e+03 4.541069e-02
6.972000e+03 4.534714e-02
6.974000e+03 4.528356e-02
6.976000e+03 4.522002e-02
6.978000e+03 4.515661e-02
6.980000e+03 4.509341e-02
6.982000e+03 4.503046e-02
6.984000e+03 4.496765e-02
6.986000e+03 4.490481e-02
6.988000e+03 4.484178e-02
6.990000e+03 4.477839e-02
6.992000e+03 4.471460e-02
6.994000e+03 4.465080e-02
6.996000e+03 4.458750e-02
6.998000e+03 4.452521e-02
7.000000e+03 4.446443e-02
7.002000e+03 4.440551e-02
7.004000e+03 4.434812e-02
7.006000e+03 4.429179e-02
7.008000e+03 4.423601e-02
7.010000e+03 4.418030e-02
7.012000e+03 4.412428e-02
7.014000e+03 4.406795e-02
7.016000e+03 4.401143e-02
7.018000e+03 4.395483e-02
7.020000e+03 4.389828e-02
7.022000e+03 4.384185e-02
7.024000e+03 4.378555e-02
7.026000e+03 4.372938e-02
7.028000e+03 4.367331e-02
7.030000e+03 4.361733e-02
7.032000e+03 4.356143e-02
7.034000e+03 4.350555e-02
7.036000e+03 4.344963e-02
7.038000e+03 4.339362e-02
7.040000e+03 4.333747e-02
7.042000e+03 4.328117e-02
7.044000e+03 4.322490e-02
7.046000e+03 4.316890e-02
7.048000e+03 4.311341e-02
7.050000e+03 4.305867e-02
7.052000e+03 4.300484e-02
7.054000e+03 4.295176e-02
7.056000e+03 4.289920e-02
7.058000e+03 4.284695e-02
7.060000e+03 4.279478e-02
7.062000e+03 4.274251e-02
7.064000e+03 4.269013e-02
7.066000e+03 4.263771e-02
7.068000e+03 4.258530e-02
7.070000e+03 4.253294e-02
7.072000e+03 4.248069e-02
7.074000e+03 4.242851e-02
7.076000e+03 4.237638e-02
7.078000e+03 4.232427e-02
7.080000e+03 4.227215e-02
7.082000e+03 4.221999e-02
7.084000e+03 4.216787e-02
7.086000e+03 4.211584e-02
7.088000e+03 4.206399e-02
7.090000e+03 4.201237e-02
7.092000e+03 4.196102e-02
7.094000e+03 4.190973e-02
7.096000e+03 4.185823e-02
7.098000e+03 4.180628e-02
7.100000e+03 4.175363e-02
7.102000e+03 4.170008e-02
7.104000e+03 4.164581e-02
7.106000e+03 4.159106e-02
7.108000e+03 4.153605e-02
7.110000e+03 4.148104e-02
7.112000e+03 4.142621e-02
7.114000e+03 4.137158e-02
7.116000e+03 4.131709e-02
7.118000e+03 4.126270e-02
7.120000e+03 4.120838e-02
7.122000e+03 4.115409e-02
7.124000e+03 4.109986e-02
7.126000e+03 4.104572e-02
7.128000e+03 4.099171e-02
7.130000e+03 4.093786e-02
7.132000e+03 4.088419e-02
7.134000e+03 4.083055e-02
7.136000e+03 4.077679e-02
7.138000e+03 4.072275e-02
7.140000e+03 4.066827e-02
7.142000e+03 4.061331e-02
7.144000e+03 4.055830e-02
7.146000e+03 4.050380e-02
7.148000e+03 4.045038e-02
7.150000e+03 4.039859e-02
7.152000e+03 4.034880e-02
7.154000e+03 4.030066e-02
7.156000e+03 4.025362e-02
7.158000e+03 4.020713e-02
7.160000e+03 4.016064e-02
7.162000e+03 4.011373e-02
7.164000e+03 4.006644e-02
7.166000e+03 4.001889e-02
7.168000e+03 3.997125e-02
7.170000e+03 3.992365e-02
7.172000e+03 3.987622e-02
7.174000e+03 3.982893e-02
7.176000e+03 3.978177e-02
7.178000e+03 3.973467e-02
7.180000e+03 3.968761e-02
7.182000e+03 3.964056e-02
7.184000e+03 3.959352e-02
7.186000e+03 3.954649e-02
7.188000e+03 3.949949e-02
7.190000e+03 3.945253e-02
7.192000e+03 3.940561e-02
7.194000e+03 3.935874e-02
7.196000e+03 3.931192e-02
7.198000e+03 3.926513e-02
7.200000e+03 3.921837e-02
7.202000e+03 3.917165e-02
7.204000e+03 3.912497e-02
7.206000e+03 3.907833e-02
7.208000e+03 3.903172e-02
7.210000e+03 3.898515e-02
7.212000e+03 3.893863e-02
7.214000e+03 3.889215e-02
7.216000e+03 3.884570e-02
7.218000e+03 3.879927e-02
7.220000e+03 3.875285e-02
7.222000e+03 3.870645e-02
7.224000e+03 3.866008e-02
7.226000e+03 3.861378e-02
7.228000e+03 3.856757e-02
7.230000e+03 3.852147e-02
7.232000e+03 3.847550e-02
7.234000e+03 3.842957e-02
7.236000e+03 3.838358e-02
7.238000e+03 3.833742e-02
7.240000e+03 3.829099e-02
7.242000e+03 3.824427e-02
7.244000e+03 3.819756e-02
7.246000e+03 3.815125e-02
7.248000e+03 3.810574e-02
7.250000e+03 3.806142e-02
7.252000e+03 3.801854e-02
7.254000e+03 3.797684e-02
7.256000e+03 3.793594e-02
7.258000e+03 3.789544e-02
7.260000e+03 3.785495e-02
7.262000e+03 3.781417e-02
7.264000e+03 3.777311e-02
7.266000e+03 3.773188e-02
7.268000e+03 3.769060e-02
7.270000e+03 3.764936e-02
7.272000e+03 3.760826e-02
7.274000e+03 3.756727e-02
7.276000e+03 3.752637e-02
7.278000e+03 3.748551e-02
7.280000e+03 3.744465e-02
7.282000e+03 3.740379e-02
7.284000e+03 3.736294e-02
7.286000e+03 3.732215e-02
7.288000e+03 3.728145e-02
7.290000e+03 3.724088e-02
7.292000e+03 3.720046e-02
7.294000e+03 3.716008e-02
7.296000e+03 3.711962e-02
7.298000e+03 3.707893e-02
7.300000e+03 3.703790e-02
7.302000e+03 3.699644e-02
7.304000e+03 3.695462e-02
7.306000e+03 3.691259e-02
7.308000e+03 3.687047e-02
7.310000e+03 3.682839e-02
7.312000e+03 3.678647e-02
7.314000e+03 3.674468e-02
7.316000e+03 3.670298e-02
7.318000e+03 3.666132e-02
7.320000e+03 3.661968e-02
7.322000e+03 3.657801e-02
7.324000e+03 3.653635e-02
7.326000e+03 3.649475e-02
7.328000e+03 3.645324e-02
7.330000e+03 3.641187e-02
7.332000e+03 3.637064e-02
7.334000e+03 3.632947e-02
7.336000e+03 3.628821e-02
7.338000e+03 3.624672e-02
7.340000e+03 3.620489e-02
7.342000e+03 3.616267e-02
7.344000e+03 3.612046e-02
7.346000e+03 3.607874e-02
7.348000e+03 3.603800e-02
7.350000e+03 3.599874e-02
7.352000e+03 3.596130e-02
7.354000e+03 3.592547e-02
7.356000e+03 3.589089e-02
7.358000e+03 3.585721e-02
7.360000e+03 3.582407e-02
7.362000e+03 3.579114e-02
7.364000e+03 3.575821e-02
7.366000e+03 3.572511e-02
7.368000e+03 3.569164e-02
7.370000e+03 3.565764e-02
7.372000e+03 3.562301e-02
7.374000e+03 3.558797e-02
7.376000e+03 3.555284e-02
7.378000e+03 3.551794e-02
7.380000e+03 3.548358e-02
7.382000e+03 3.544997e-02
7.384000e+03 3.541690e-02
7.386000e+03 3.538405e-02
7.388000e+03 3.535109e-02
7.390000e+03 3.531769e-02
7.392000e+03 3.528366e-02
7.394000e+03 3.524918e-02
7.396000e+03 3.521458e-02
7.398000e+03 3.518016e-02
7.400000e+03 3.514623e-02
7.402000e+03 3.511300e-02
7.404000e+03 3.508027e-02
7.406000e+03 3.504771e-02
7.408000e+03 3.501504e-02
7.410000e+03 3.498193e-02
7.412000e+03 3.494818e-02
7.414000e+03 3.491400e-02
7.416000e+03 3.487971e-02
7.418000e+03 3.484562e-02
7.420000e+03 3.481203e-02
7.422000e+03 3.477916e-02
7.424000e+03 3.474678e-02
7.426000e+03 3.471456e-02
7.428000e+03 3.468217e-02
7.430000e+03 3.464928e-02
7.432000e+03 3.461568e-02
7.434000e+03 3.458165e-02
7.436000e+03 3.454759e-02
7.438000e+03 3.451391e-02
7.440000e+03 3.448099e-02
7.442000e+03 3.444908e-02
7.444000e+03 3.441767e-02
7.446000e+03 3.438610e-02
7.448000e+03 3.435369e-02
7.450000e+03 3.431977e-02
7.452000e+03 3.428388e-02
7.454000e+03 3.424636e-02
7.456000e+03 3.420778e-02
7.458000e+03 3.416871e-02
7.460000e+03 3.412968e-02
7.462000e+03 3.409116e-02
7.464000e+03 3.405311e-02
7.466000e+03 3.401538e-02
7.468000e+03 3.397784e-02
7.470000e+03 3.394034e-02
7.472000e+03 3.390276e-02
7.474000e+03 3.386509e-02
7.476000e+03 3.382737e-02
7.478000e+03 3.378960e-02
7.480000e+03 3.375182e-02
7.482000e+03 3.371404e-02
7.484000e+03 3.367632e-02
7.486000e+03 3.363870e-02
7.488000e+03 3.360123e-02
7.490000e+03 3.356396e-02
7.492000e+03 3.352692e-02
7.494000e+03 3.348995e-02
7.496000e+03 3.345291e-02
7.498000e+03 3.341562e-02
7.500000e+03 3.337792e-02
7.502000e+03 3.333971e-02
7.504000e+03 3.330107e-02
7.506000e+03 3.326216e-02
7.508000e+03 3.322314e-02
7.510000e+03 3.318417e-02
7.512000e+03 3.314535e-02
7.514000e+03 3.310668e-02
7.516000e+03 3.306811e-02
7.518000e+03 3.302959e-02
7.520000e+03 3.299107e-02
7.522000e+03 3.295253e-02
7.524000e+03 3.291399e-02
7.526000e+03 3.287548e-02
7.528000e+03 3.283706e-02
7.530000e+03 3.279877e-02
7.532000e+03 3.276061e-02
7.534000e+03 3.272250e-02
7.536000e+03 3.268430e-02
7.538000e+03 3.264590e-02
7.540000e+03 3.260717e-02
7.542000e+03 3.256807e-02
7.544000e+03 3.252893e-02
7.546000e+03 3.249013e-02
7.548000e+03 3.245210e-02
7.550000e+03 3.241521e-02
7.552000e+03 3.237978e-02
7.554000e+03 3.234565e-02
7.556000e+03 3.231253e-02
7.558000e+03 3.228016e-02
7.560000e+03 3.224828e-02
7.562000e+03 3.221663e-02
7.564000e+03 3.218500e-02
7.566000e+03 3.215321e-02
7.568000e+03 3.212107e-02
7.570000e+03 3.208840e-02
7.572000e+03 3.205510e-02
7.574000e+03 3.202143e-02
7.576000e+03 3.198775e-02
7.578000e+03 3.195442e-02
7.580000e+03 3.192179e-02
7.582000e+03 3.189007e-02
7.584000e+03 3.185894e-02
7.586000e+03 3.182791e-02
7.588000e+03 3.179652e-02
7.590000e+03 3.176429e-02
7.592000e+03 3.173095e-02
7.594000e+03 3.169702e-02
7.596000e+03 3.166324e-02
7.598000e+03 3.163033e-02
7.600000e+03 3.159903e-02
7.602000e+03 3.156986e-02
7.604000e+03 3.154245e-02
7.606000e+03 3.151624e-02
7.608000e+03 3.149065e-02
7.610000e+03 3.146513e-02
7.612000e+03 3.143919e-02
7.614000e+03 3.141277e-02
7.616000e+03 3.138588e-02
7.618000e+03 3.135856e-02
7.620000e+03 3.133082e-02
7.622000e+03 3.130272e-02
7.624000e+03 3.127445e-02
7.626000e+03 3.124623e-02
7.628000e+03 3.121828e-02
7.630000e+03 3.119081e-02
7.632000e+03 3.116397e-02
7.634000e+03 3.113759e-02
7.636000e+03 3.111145e-02
7.638000e+03 3.108529e-02
7.640000e+03 3.105889e-02
7.642000e+03 3.103210e-02
7.644000e+03 3.100515e-02
7.646000e+03 3.097836e-02
7.648000e+03 3.095205e-02
7.650000e+03 3.092656e-02
7.652000e+03 3.090210e-02
7.654000e+03 3.087853e-02
7.656000e+03 3.085560e-02
7.658000e+03 3.083306e-02
7.660000e+03 3.081067e-02
7.662000e+03 3.078821e-02
7.664000e+03 3.076556e-02
7.666000e+03 3.074262e-02
7.668000e+03 3.071930e-02
7.670000e+03 3.069550e-02
7.672000e+03 3.067118e-02
7.674000e+03 3.064656e-02
7.676000e+03 3.062190e-02
7.678000e+03 3.059747e-02
7.680000e+03 3.057353e-02
7.682000e+03 3.055026e-02
7.684000e+03 3.052749e-02
7.686000e+03 3.050496e-02
7.688000e+03 3.048240e-02
7.690000e+03 3.045956e-02
7.692000e+03 3.043628e-02
7.694000e+03 3.041288e-02
7.696000e+03 3.038979e-02
7.698000e+03 3.036745e-02
7.700000e+03 3.034628e-02
7.702000e+03 3.032657e-02
7.704000e+03 3.030807e-02
7.706000e+03 3.029037e-02
7.708000e+03 3.027308e-02
7.710000e+03 3.025579e-02
7.712000e+03 3.023819e-02
7.714000e+03 3.022030e-02
7.716000e+03 3.020222e-02
7.718000e+03 3.018406e-02
7.720000e+03 3.016592e-02
7.722000e+03 3.014788e-02
7.724000e+03 3.012995e-02
7.726000e+03 3.011212e-02
7.728000e+03 3.009436e-02
7.730000e+03 3.007666e-02
7.732000e+03 3.005902e-02
7.734000e+03 3.004142e-02
7.736000e+03 3.002389e-02
7.738000e+03 3.000642e-02
7.740000e+03 2.998902e-02
7.742000e+03 2.997169e-02
7.744000e+03 2.995432e-02
7.746000e+03 2.993682e-02
7.748000e+03 2.991908e-02
7.750000e+03 2.990098e-02
7.752000e+03 2.988247e-02
7.754000e+03 2.986361e-02
7.756000e+03 2.984453e-02
7.758000e+03 2.982535e-02
7.760000e+03 2.980617e-02
7.762000e+03 2.978710e-02
7.764000e+03 2.976815e-02
7.766000e+03 2.974930e-02
7.768000e+03 2.973055e-02
7.770000e+03 2.971189e-02
7.772000e+03 2.969330e-02
7.774000e+03 2.967471e-02
7.776000e+03 2.965606e-02
7.778000e+03 2.963727e-02
7.780000e+03 2.961827e-02
7.782000e+03 2.959905e-02
7.784000e+03 2.957984e-02
7.786000e+03 2.956093e-02
7.788000e+03 2.954261e-02
7.790000e+03 2.952517e-02
7.792000e+03 2.950866e-02
7.794000e+03 2.949223e-02
7.796000e+03 2.947481e-02
7.798000e+03 2.945531e-02
7.800000e+03 2.943265e-02
7.802000e+03 2.940612e-02
7.804000e+03 2.937656e-02
7.806000e+03 2.934514e-02
7.808000e+03 2.931308e-02
7.810000e+03 2.928157e-02
7.812000e+03 2.925151e-02
7.814000e+03 2.922263e-02
7.816000e+03 2.919437e-02
7.818000e+03 2.916616e-02
7.820000e+03 2.913742e-02
7.822000e+03 2.910776e-02
7.824000e+03 2.907743e-02
7.826000e+03 2.904682e-02
7.828000e+03 2.901635e-02
7.830000e+03 2.898642e-02
7.832000e+03 2.895731e-02
7.834000e+03 2.892880e-02
7.836000e+03 2.890055e-02
7.838000e+03 2.887220e-02
7.840000e+03 2.884341e-02
7.842000e+03 2.881394e-02
7.844000e+03 2.878400e-02
7.846000e+03 2.875391e-02
7.848000e+03 2.872401e-02
7.850000e+03 2.869461e-02
7.852000e+03 2.866592e-02
7.854000e+03 2.863772e-02
7.856000e+03 2.860967e-02
7.858000e+03 2.858143e-02
7.860000e+03 2.855266e-02
7.862000e+03 2.852314e-02
7.864000e+03 2.849313e-02
7.866000e+03 2.846300e-02
7.868000e+03 2.843313e-02
7.870000e+03 2.840390e-02
7.872000e+03 2.837555e-02
7.874000e+03 2.834780e-02
7.876000e+03 2.832026e-02
7.878000e+03 2.829252e-02
7.880000e+03 2.826419e-02
7.882000e+03 2.823500e-02
7.884000e+03 2.820522e-02
7.886000e+03 2.817527e-02
7.888000e+03 2.814557e-02
7.890000e+03 2.811653e-02
7.892000e+03 2.808841e-02
7.894000e+03 2.806088e-02
7.896000e+03 2.803342e-02
7.898000e+03 2.800556e-02
7.900000e+03 2.797678e-02
7.902000e+03 2.794676e-02
7.904000e+03 2.791585e-02
7.906000e+03 2.788455e-02
7.908000e+03 2.785337e-02
7.910000e+03 2.782283e-02
7.912000e+03 2.779328e-02
7.914000e+03 2.776444e-02
7.916000e+03 2.773588e-02
7.918000e+03 2.770717e-02
7.920000e+03 2.767786e-02
7.922000e+03 2.764767e-02
7.924000e+03 2.761688e-02
7.926000e+03 2.758589e-02
7.928000e+03 2.755512e-02
7.930000e+03 2.752498e-02
7.932000e+03 2.749575e-02
7.934000e+03 2.746710e-02
7.936000e+03 2.743857e-02
7.938000e+03 2.740969e-02
7.940000e+03 2.738000e-02
7.942000e+03 2.734923e-02
7.944000e+03 2.731792e-02
7.946000e+03 2.728680e-02
7.948000e+03 2.725662e-02
7.950000e+03 2.722811e-02
7.952000e+03 2.720178e-02
7.954000e+03 2.717721e-02
7.956000e+03 2.715373e-02
7.958000e+03 2.713070e-02
7.960000e+03 2.710746e-02
7.962000e+03 2.708352e-02
7.964000e+03 2.705907e-02
7.966000e+03 2.703446e-02
7.968000e+03 2.701005e-02
7.970000e+03 2.698618e-02
7.972000e+03 2.696312e-02
7.974000e+03 2.694066e-02
7.976000e+03 2.691850e-02
7.978000e+03 2.689636e-02
7.980000e+03 2.687392e-02
7.982000e+03 2.685094e-02
7.984000e+03 2.682741e-02
7.986000e+03 2.680333e-02
7.988000e+03 2.677874e-02
7.990000e+03 2.675366e-02
7.992000e+03 2.672823e-02
7.994000e+03 2.670300e-02
7.996000e+03 2.667862e-02
7.998000e+03 2.665575e-02
8.000000e+03 2.663505e-02
8.002000e+03 2.661696e-02
8.004000e+03 2.660111e-02
8.006000e+03 2.658692e-02
8.008000e+03 2.657380e-02
8.010000e+03 2.656117e-02
8.012000e+03 2.654852e-02
8.014000e+03 2.653569e-02
8.016000e+03 2.652259e-02
8.018000e+03 2.650915e-02
8.020000e+03 2.649527e-02
8.022000e+03 2.648093e-02
8.024000e+03 2.646633e-02
8.026000e+03 2.645171e-02
8.028000e+03 2.643733e-02
8.030000e+03 2.642345e-02
8.032000e+03 2.641021e-02
8.034000e+03 2.639742e-02
8.036000e+03 2.638474e-02
8.038000e+03 2.637189e-02
8.040000e+03 2.635854e-02
8.042000e+03 2.634449e-02
8.044000e+03 2.632996e-02
8.046000e+03 2.631526e-02
8.048000e+03 2.630073e-02
8.050000e+03 2.628668e-02
8.052000e+03 2.627334e-02
8.054000e+03 2.626059e-02
8.056000e+03 2.624821e-02
8.058000e+03 2.623600e-02
8.060000e+03 2.622374e-02
8.062000e+03 2.621126e-02
8.064000e+03 2.619860e-02
8.066000e+03 2.618581e-02
8.068000e+03 2.617299e-02
8.070000e+03 2.616021e-02
8.072000e+03 2.614751e-02
8.074000e+03 2.613489e-02
8.076000e+03 2.612231e-02
8.078000e+03 2.610974e-02
8.080000e+03 2.609715e-02
8.082000e+03 2.608453e-02
8.084000e+03 2.607195e-02
8.086000e+03 2.605954e-02
8.088000e+03 2.604740e-02
8.090000e+03 2.603563e-02
8.092000e+03 2.602425e-02
8.094000e+03 2.601285e-02
8.096000e+03 2.600094e-02
8.098000e+03 2.598802e-02
8.100000e+03 2.597358e-02
8.102000e+03 2.595730e-02
8.104000e+03 2.593951e-02
8.106000e+03 2.592075e-02
8.108000e+03 2.590152e-02
8.110000e+03 2.588234e-02
8.112000e+03 2.586362e-02
8.114000e+03 2.584532e-02
8.116000e+03 2.582732e-02
8.118000e+03 2.580947e-02
8.120000e+03 2.579163e-02
8.122000e+03 2.577370e-02
8.124000e+03 2.575568e-02
8.126000e+03 2.573759e-02
8.128000e+03 2.571946e-02
8.130000e+03 2.570131e-02
8.132000e+03 2.568319e-02
8.134000e+03 2.566511e-02
8.136000e+03 2.564711e-02
8.138000e+03 2.562924e-02
8.140000e+03 2.561151e-02
8.142000e+03 2.559394e-02
8.144000e+03 2.557633e-02
8.146000e+03 2.555847e-02
8.148000e+03 2.554013e-02
8.150000e+03 2.552110e-02
8.152000e+03 2.550122e-02
8.154000e+03 2.548066e-02
8.156000e+03 2.545966e-02
8.158000e+03 2.543848e-02
8.160000e+03 2.541734e-02
8.162000e+03 2.539645e-02
8.164000e+03 2.537576e-02
8.166000e+03 2.535519e-02
8.168000e+03 2.533467e-02
8.170000e+03 2.531410e-02
8.172000e+03 2.529342e-02
8.174000e+03 2.527265e-02
8.176000e+03 2.525184e-02
8.178000e+03 2.523101e-02
8.180000e+03 2.521022e-02
8.182000e+03 2.518951e-02
8.184000e+03 2.516889e-02
8.186000e+03 2.514839e-02
8.188000e+03 2.512804e-02
8.190000e+03 2.510786e-02
8.192000e+03 2.508784e-02
8.194000e+03 2.506782e-02
8.196000e+03 2.504761e-02
8.198000e+03 2.502702e-02
8.200000e+03 2.500587e-02
8.202000e+03 2.498404e-02
8.204000e+03 2.496180e-02
8.206000e+03 2.493948e-02
8.208000e+03 2.491741e-02
8.210000e+03 2.489594e-02
8.212000e+03 2.487529e-02
8.214000e+03 2.485523e-02
8.216000e+03 2.483537e-02
8.218000e+03 2.481538e-02
8.220000e+03 2.479488e-02
8.222000e+03 2.477363e-02
8.224000e+03 2.475186e-02
8.226000e+03 2.472990e-02
8.228000e+03 2.470811e-02
8.230000e+03 2.468681e-02
8.232000e+03 2.466625e-02
8.234000e+03 2.464618e-02
8.236000e+03 2.462626e-02
8.238000e+03 2.460616e-02
8.240000e+03 2.458553e-02
8.242000e+03 2.456415e-02
8.244000e+03 2.454232e-02
8.246000e+03 2.452046e-02
8.248000e+03 2.449898e-02
8.250000e+03 2.447831e-02
8.252000e+03 2.445875e-02
8.254000e+03 2.444009e-02
8.256000e+03 2.442201e-02
8.258000e+03 2.440419e-02
8.260000e+03 2.438630e-02
8.262000e+03 2.436809e-02
8.264000e+03 2.434961e-02
8.266000e+03 2.433096e-02
8.268000e+03 2.431227e-02
8.270000e+03 2.429364e-02
8.272000e+03 2.427516e-02
8.274000e+03 2.425683e-02
8.276000e+03 2.423863e-02
8.278000e+03 2.422053e-02
8.280000e+03 2.420251e-02
8.282000e+03 2.418453e-02
8.284000e+03 2.416653e-02
8.286000e+03 2.414845e-02
8.288000e+03 2.413020e-02
8.290000e+03 2.411174e-02
8.292000e+03 2.409304e-02
8.294000e+03 2.407434e-02
8.296000e+03 2.405597e-02
8.298000e+03 2.403820e-02
8.300000e+03 2.402137e-02
8.302000e+03 2.400563e-02
8.304000e+03 2.399068e-02
8.306000e+03 2.397608e-02
8.308000e+03 2.396140e-02
8.310000e+03 2.394619e-02
8.312000e+03 2.393015e-02
8.314000e+03 2.391353e-02
8.316000e+03 2.389671e-02
8.318000e+03 2.388007e-02
8.320000e+03 2.386398e-02
8.322000e+03 2.384871e-02
8.324000e+03 2.383401e-02
8.326000e+03 2.381951e-02
8.328000e+03 2.380483e-02
8.330000e+03 2.378960e-02
8.332000e+03 2.377358e-02
8.334000e+03 2.375698e-02
8.336000e+03 2.374015e-02
8.338000e+03 2.372343e-02
8.340000e+03 2.370718e-02
8.342000e+03 2.369165e-02
8.344000e+03 2.367673e-02
8.346000e+03 2.366221e-02
8.348000e+03 2.364790e-02
8.350000e+03 2.363359e-02
8.352000e+03 2.361913e-02
8.354000e+03 2.360453e-02
8.356000e+03 2.358983e-02
8.358000e+03 2.357510e-02
8.360000e+03 2.356039e-02
8.362000e+03 2.354573e-02
8.364000e+03 2.353114e-02
8.366000e+03 2.351659e-02
8.368000e+03 2.350207e-02
8.370000e+03 2.348757e-02
8.372000e+03 2.347307e-02
8.374000e+03 2.345859e-02
8.376000e+03 2.344410e-02
8.378000e+03 2.342962e-02
8.380000e+03 2.341514e-02
8.382000e+03 2.340066e-02
8.384000e+03 2.338621e-02
8.386000e+03 2.337178e-02
8.388000e+03 2.335741e-02
8.390000e+03 2.334309e-02
8.392000e+03 2.332883e-02
8.394000e+03 2.331459e-02
8.396000e+03 2.330031e-02
8.398000e+03 2.328593e-02
8.400000e+03 2.327141e-02
8.402000e+03 2.325673e-02
8.404000e+03 2.324205e-02
8.406000e+03 2.322759e-02
8.408000e+03 2.321354e-02
8.410000e+03 2.320012e-02
8.412000e+03 2.318744e-02
8.414000e+03 2.317522e-02
8.416000e+03 2.316310e-02
8.418000e+03 2.315069e-02
8.420000e+03 2.313763e-02
8.422000e+03 2.312367e-02
8.424000e+03 2.310912e-02
8.426000e+03 2.309438e-02
8.428000e+03 2.307989e-02
8.430000e+03 2.306607e-02
8.432000e+03 2.305320e-02
8.434000e+03 2.304101e-02
8.436000e+03 2.302907e-02
8.438000e+03 2.301698e-02
8.440000e+03 2.300432e-02
8.442000e+03 2.299080e-02
8.444000e+03 2.297668e-02
8.446000e+03 2.296234e-02
8.448000e+03 2.294815e-02
8.450000e+03 2.293451e-02
8.452000e+03 2.292166e-02
8.454000e+03 2.290939e-02
8.456000e+03 2.289733e-02
8.458000e+03 2.288512e-02
8.460000e+03 2.287242e-02
8.462000e+03 2.285898e-02
8.464000e+03 2.284501e-02
8.466000e+03 2.283086e-02
8.468000e+03 2.281686e-02
8.470000e+03 2.280333e-02
8.472000e+03 2.279051e-02
8.474000e+03 2.277824e-02
8.476000e+03 2.276624e-02
8.478000e+03 2.275426e-02
8.480000e+03 2.274202e-02
8.482000e+03 2.272931e-02
8.484000e+03 2.271610e-02
8.486000e+03 2.270241e-02
8.488000e+03 2.268825e-02
8.490000e+03 2.267365e-02
8.492000e+03 2.265874e-02
8.494000e+03 2.264387e-02
8.496000e+03 2.262904e-02
8.498000e+03 2.261425e-02
8.500000e+03 2.259950e-02
8.502000e+03 2.258477e-02
8.504000e+03 2.257006e-02
8.506000e+03 2.255537e-02
8.508000e+03 2.254069e-02
8.510000e+03 2.252602e-02
8.512000e+03 2.251135e-02
8.514000e+03 2.249669e-02
8.516000e+03 2.248203e-02
8.518000e+03 2.246738e-02
8.520000e+03 2.245274e-02
8.522000e+03 2.243811e-02
8.524000e+03 2.242349e-02
8.526000e+03 2.240889e-02
8.528000e+03 2.239430e-02
8.530000e+03 2.237973e-02
8.532000e+03 2.236517e-02
8.534000e+03 2.235063e-02
8.536000e+03 2.233610e-02
8.538000e+03 2.232159e-02
8.540000e+03 2.230710e-02
8.542000e+03 2.229262e-02
8.544000e+03 2.227816e-02
8.546000e+03 2.226371e-02
8.548000e+03 2.224928e-02
8.550000e+03 2.223486e-02
8.552000e+03 2.222045e-02
8.554000e+03 2.220606e-02
8.556000e+03 2.219168e-02
8.558000e+03 2.217731e-02
8.560000e+03 2.216296e-02
8.562000e+03 2.214862e-02
8.564000e+03 2.213429e-02
8.566000e+03 2.211997e-02
8.568000e+03 2.210566e-02
8.570000e+03 2.209137e-02
8.572000e+03 2.207709e-02
8.574000e+03 2.206282e-02
8.576000e+03 2.204857e-02
8.578000e+03 2.203433e-02
8.580000e+03 2.202011e-02
8.582000e+03 2.200590e-02
8.584000e+03 2.199170e-02
8.586000e+03 2.197752e-02
8.588000e+03 2.196335e-02
8.590000e+03 2.194920e-02
8.592000e+03 2.193506e-02
8.594000e+03 2.192094e-02
8.596000e+03 2.190683e-02
8.598000e+03 2.189273e-02
8.600000e+03 2.187864e-02
8.602000e+03 2.186457e-02
8.604000e+03 2.185050e-02
8.606000e+03 2.183645e-02
8.608000e+03 2.182241e-02
8.610000e+03 2.180838e-02
8.612000e+03 2.179437e-02
8.614000e+03 2.178037e-02
8.616000e+03 2.176638e-02
8.618000e+03 2.175240e-02
8.620000e+03 2.173843e-02
8.622000e+03 2.172448e-02
8.624000e+03 2.171054e-02
8.626000e+03 2.169662e-02
8.628000e+03 2.168271e-02
8.630000e+03 2.166881e-02
8.632000e+03 2.165492e-02
8.634000e+03 2.164106e-02
8.636000e+03 2.162720e-02
8.638000e+03 2.161336e-02
8.640000e+03 2.159953e-02
8.642000e+03 2.158572e-02
8.644000e+03 2.157192e-02
8.646000e+03 2.155813e-02
8.648000e+03 2.154436e-02
8.650000e+03 2.153059e-02
8.652000e+03 2.151684e-02
8.654000e+03 2.150311e-02
8.656000e+03 2.148938e-02
8.658000e+03 2.147567e-02
8.660000e+03 2.146196e-02
8.662000e+03 2.144827e-02
8.664000e+03 2.143459e-02
8.666000e+03 2.142092e-02
8.668000e+03 2.140727e-02
8.670000e+03 2.139362e-02
8.672000e+03 2.137999e-02
8.674000e+03 2.136637e-02
8.676000e+03 2.135276e-02
8.678000e+03 2.133917e-02
8.680000e+03 2.132558e-02
8.682000e+03 2.131202e-02
8.684000e+03 2.129846e-02
8.686000e+03 2.128492e-02
8.688000e+03 2.127139e-02
8.690000e+03 2.125787e-02
8.692000e+03 2.124437e-02
8.694000e+03 2.123088e-02
8.696000e+03 2.121741e-02
8.698000e+03 2.120395e-02
8.700000e+03 2.119050e-02
8.702000e+03 2.117707e-02
8.704000e+03 2.116364e-02
8.706000e+03 2.115023e-02
8.708000e+03 2.113683e-02
8.710000e+03 2.112344e-02
8.712000e+03 2.111006e-02
8.714000e+03 2.109669e-02
8.716000e+03 2.108333e-02
8.718000e+03 2.106998e-02
8.720000e+03 2.105665e-02
8.722000e+03 2.104333e-02
8.724000e+03 2.103002e-02
8.726000e+03 2.101672e-02
8.728000e+03 2.100344e-02
8.730000e+03 2.099017e-02
8.732000e+03 2.097691e-02
8.734000e+03 2.096367e-02
8.736000e+03 2.095044e-02
8.738000e+03 2.093722e-02
8.740000e+03 2.092402e-02
8.742000e+03 2.091083e-02
8.744000e+03 2.089765e-02
8.746000e+03 2.088447e-02
8.748000e+03 2.087132e-02
8.750000e+03 2.085816e-02
8.752000e+03 2.084503e-02
8.754000e+03 2.083190e-02
8.756000e+03 2.081878e-02
8.758000e+03 2.080568e-02
8.760000e+03 2.079258e-02
8.762000e+03 2.077950e-02
8.764000e+03 2.076642e-02
8.766000e+03 2.075336e-02
8.768000e+03 2.074032e-02
8.770000e+03 2.072728e-02
8.772000e+03 2.071425e-02
8.774000e+03 2.070124e-02
8.776000e+03 2.068824e-02
8.778000e+03 2.067526e-02
8.780000e+03 2.066228e-02
8.782000e+03 2.064932e-02
8.784000e+03 2.063637e-02
8.786000e+03 2.062344e-02
8.788000e+03 2.061052e-02
8.790000e+03 2.059761e-02
8.792000e+03 2.058471e-02
8.794000e+03 2.057183e-02
8.796000e+03 2.055895e-02
8.798000e+03 2.054609e-02
8.800000e+03 2.053323e-02
8.802000e+03 2.052039e-02
8.804000e+03 2.050755e-02
8.806000e+03 2.049473e-02
8.808000e+03 2.048191e-02
8.810000e+03 2.046911e-02
8.812000e+03 2.045632e-02
8.814000e+03 2.044354e-02
8.816000e+03 2.043077e-02
8.818000e+03 2.041802e-02
8.820000e+03 2.040527e-02
8.822000e+03 2.039254e-02
8.824000e+03 2.037983e-02
8.826000e+03 2.036713e-02
8.828000e+03 2.035443e-02
8.830000e+03 2.034175e-02
8.832000e+03 2.032909e-02
8.834000e+03 2.031643e-02
8.836000e+03 2.030378e-02
8.838000e+03 2.029114e-02
8.840000e+03 2.027852e-02
8.842000e+03 2.026590e-02
8.844000e+03 2.025329e-02
8.846000e+03 2.024069e-02
8.848000e+03 2.022811e-02
8.850000e+03 2.021553e-02
8.852000e+03 2.020297e-02
8.854000e+03 2.019041e-02
8.856000e+03 2.017787e-02
8.858000e+03 2.016533e-02
8.860000e+03 2.015281e-02
8.862000e+03 2.014030e-02
8.864000e+03 2.012780e-02
8.866000e+03 2.011531e-02
8.868000e+03 2.010284e-02
8.870000e+03 2.009038e-02
8.872000e+03 2.007793e-02
8.874000e+03 2.006549e-02
8.876000e+03 2.005306e-02
8.878000e+03 2.004065e-02
8.880000e+03 2.002824e-02
8.882000e+03 2.001585e-02
8.884000e+03 2.000348e-02
8.886000e+03 1.999111e-02
8.888000e+03 1.997875e-02
8.890000e+03 1.996640e-02
8.892000e+03 1.995406e-02
8.894000e+03 1.994173e-02
8.896000e+03 1.992941e-02
8.898000e+03 1.991710e-02
8.900000e+03 1.990480e-02
8.902000e+03 1.989251e-02
8.904000e+03 1.988023e-02
8.906000e+03 1.986796e-02
8.908000e+03 1.985570e-02
8.910000e+03 1.984346e-02
8.912000e+03 1.983123e-02
8.914000e+03 1.981900e-02
8.916000e+03 1.980680e-02
8.918000e+03 1.979460e-02
8.920000e+03 1.978242e-02
8.922000e+03 1.977024e-02
8.924000e+03 1.975808e-02
8.926000e+03 1.974593e-02
8.928000e+03 1.973378e-02
8.930000e+03 1.972165e-02
8.932000e+03 1.970952e-02
8.934000e+03 1.969741e-02
8.936000e+03 1.968530e-02
8.938000e+03 1.967321e-02
8.940000e+03 1.966112e-02
8.942000e+03 1.964904e-02
8.944000e+03 1.963697e-02
8.946000e+03 1.962492e-02
8.948000e+03 1.961287e-02
8.950000e+03 1.960083e-02
8.952000e+03 1.958881e-02
8.954000e+03 1.957679e-02
8.956000e+03 1.956479e-02
8.958000e+03 1.955280e-02
8.960000e+03 1.954081e-02
8.962000e+03 1.952885e-02
8.964000e+03 1.951689e-02
8.966000e+03 1.950494e-02
8.968000e+03 1.949301e-02
8.970000e+03 1.948108e-02
8.972000e+03 1.946917e-02
8.974000e+03 1.945727e-02
8.976000e+03 1.944538e-02
8.978000e+03 1.943350e-02
8.980000e+03 1.942163e-02
8.982000e+03 1.940977e-02
8.984000e+03 1.939791e-02
8.986000e+03 1.938607e-02
8.988000e+03 1.937423e-02
8.990000e+03 1.936241e-02
8.992000e+03 1.935059e-02
8.994000e+03 1.933878e-02
8.996000e+03 1.932698e-02
8.998000e+03 1.931520e-02
9.000000e+03 1.930342e-02
9.002000e+03 1.929166e-02
9.004000e+03 1.927991e-02
9.006000e+03 1.926817e-02
9.008000e+03 1.925644e-02
9.010000e+03 1.924472e-02
9.012000e+03 1.923301e-02
9.014000e+03 1.922132e-02
9.016000e+03 1.920963e-02
9.018000e+03 1.919795e-02
9.020000e+03 1.918628e-02
9.022000e+03 1.917462e-02
9.024000e+03 1.916297e-02
9.026000e+03 1.915133e-02
9.028000e+03 1.913970e-02
9.030000e+03 1.912807e-02
9.032000e+03 1.911645e-02
9.034000e+03 1.910485e-02
9.036000e+03 1.909325e-02
9.038000e+03 1.908166e-02
9.040000e+03 1.907009e-02
9.042000e+03 1.905852e-02
9.044000e+03 1.904696e-02
9.046000e+03 1.903541e-02
9.048000e+03 1.902388e-02
9.050000e+03 1.901235e-02
9.052000e+03 1.900084e-02
9.054000e+03 1.898933e-02
9.056000e+03 1.897784e-02
9.058000e+03 1.896636e-02
9.060000e+03 1.895489e-02
9.062000e+03 1.894343e-02
9.064000e+03 1.893198e-02
9.066000e+03 1.892054e-02
9.068000e+03 1.890911e-02
9.070000e+03 1.889769e-02
9.072000e+03 1.888628e-02
9.074000e+03 1.887487e-02
9.076000e+03 1.886348e-02
9.078000e+03 1.885210e-02
9.080000e+03 1.884072e-02
9.082000e+03 1.882935e-02
9.084000e+03 1.881799e-02
9.086000e+03 1.880664e-02
9.088000e+03 1.879530e-02
9.090000e+03 1.878396e-02
9.092000e+03 1.877264e-02
9.094000e+03 1.876133e-02
9.096000e+03 1.875002e-02
9.098000e+03 1.873873e-02
9.100000e+03 1.872744e-02
9.102000e+03 1.871617e-02
9.104000e+03 1.870490e-02
9.106000e+03 1.869365e-02
9.108000e+03 1.868240e-02
9.110000e+03 1.867117e-02
9.112000e+03 1.865995e-02
9.114000e+03 1.864874e-02
9.116000e+03 1.863753e-02
9.118000e+03 1.862635e-02
9.120000e+03 1.861516e-02
9.122000e+03 1.860399e-02
9.124000e+03 1.859283e-02
9.126000e+03 1.858168e-02
9.128000e+03 1.857053e-02
9.130000e+03 1.855940e-02
9.132000e+03 1.854827e-02
9.134000e+03 1.853715e-02
9.136000e+03 1.852603e-02
9.138000e+03 1.851493e-02
9.140000e+03 1.850383e-02
9.142000e+03 1.849274e-02
9.144000e+03 1.848167e-02
9.146000e+03 1.847060e-02
9.148000e+03 1.845954e-02
9.150000e+03 1.844850e-02
9.152000e+03 1.843746e-02
9.154000e+03 1.842644e-02
9.156000e+03 1.841543e-02
9.158000e+03 1.840442e-02
9.160000e+03 1.839343e-02
9.162000e+03 1.838244e-02
9.164000e+03 1.837147e-02
9.166000e+03 1.836050e-02
9.168000e+03 1.834954e-02
9.170000e+03 1.833859e-02
9.172000e+03 1.832764e-02
9.174000e+03 1.831670e-02
9.176000e+03 1.830578e-02
9.178000e+03 1.829485e-02
9.180000e+03 1.828394e-02
9.182000e+03 1.827304e-02
9.184000e+03 1.826214e-02
9.186000e+03 1.825126e-02
9.188000e+03 1.824038e-02
9.190000e+03 1.822951e-02
9.192000e+03 1.821865e-02
9.194000e+03 1.820781e-02
9.196000e+03 1.819697e-02
9.198000e+03 1.818614e-02
9.200000e+03 1.817532e-02
9.202000e+03 1.816451e-02
9.204000e+03 1.815371e-02
9.206000e+03 1.814292e-02
9.208000e+03 1.813215e-02
9.210000e+03 1.812138e-02
9.212000e+03 1.811062e-02
9.214000e+03 1.809987e-02
9.216000e+03 1.808913e-02
9.218000e+03 1.807839e-02
9.220000e+03 1.806767e-02
9.222000e+03 1.805695e-02
9.224000e+03 1.804624e-02
9.226000e+03 1.803553e-02
9.228000e+03 1.802484e-02
9.230000e+03 1.801415e-02
9.232000e+03 1.800347e-02
9.234000e+03 1.799280e-02
9.236000e+03 1.798214e-02
9.238000e+03 1.797148e-02
9.240000e+03 1.796084e-02
9.242000e+03 1.795021e-02
9.244000e+03 1.793959e-02
9.246000e+03 1.792898e-02
9.248000e+03 1.791838e-02
9.250000e+03 1.790779e-02
9.252000e+03 1.789721e-02
9.254000e+03 1.788663e-02
9.256000e+03 1.787606e-02
9.258000e+03 1.786551e-02
9.260000e+03 1.785496e-02
9.262000e+03 1.784441e-02
9.264000e+03 1.783387e-02
9.266000e+03 1.782334e-02
9.268000e+03 1.781282e-02
9.270000e+03 1.780231e-02
9.272000e+03 1.779180e-02
9.274000e+03 1.778130e-02
9.276000e+03 1.777081e-02
9.278000e+03 1.776033e-02
9.280000e+03 1.774986e-02
9.282000e+03 1.773939e-02
9.284000e+03 1.772894e-02
9.286000e+03 1.771849e-02
9.288000e+03 1.770806e-02
9.290000e+03 1.769763e-02
9.292000e+03 1.768721e-02
9.294000e+03 1.767680e-02
9.296000e+03 1.766641e-02
9.298000e+03 1.765602e-02
9.300000e+03 1.764564e-02
9.302000e+03 1.763527e-02
9.304000e+03 1.762491e-02
9.306000e+03 1.761456e-02
9.308000e+03 1.760422e-02
9.310000e+03 1.759388e-02
9.312000e+03 1.758355e-02
9.314000e+03 1.757322e-02
9.316000e+03 1.756291e-02
9.318000e+03 1.755260e-02
9.320000e+03 1.754230e-02
9.322000e+03 1.753200e-02
9.324000e+03 1.752171e-02
9.326000e+03 1.751144e-02
9.328000e+03 1.750117e-02
9.330000e+03 1.749091e-02
9.332000e+03 1.748066e-02
9.334000e+03 1.747042e-02
9.336000e+03 1.746019e-02
9.338000e+03 1.744997e-02
9.340000e+03 1.743976e-02
9.342000e+03 1.742956e-02
9.344000e+03 1.741936e-02
9.346000e+03 1.740918e-02
9.348000e+03 1.739900e-02
9.350000e+03 1.738883e-02
9.352000e+03 1.737866e-02
9.354000e+03 1.736850e-02
9.356000e+03 1.735835e-02
9.358000e+03 1.734821e-02
9.360000e+03 1.733807e-02
9.362000e+03 1.732794e-02
9.364000e+03 1.731781e-02
9.366000e+03 1.730770e-02
9.368000e+03 1.729759e-02
9.370000e+03 1.728749e-02
9.372000e+03 1.727740e-02
9.374000e+03 1.726732e-02
9.376000e+03 1.725725e-02
9.378000e+03 1.724718e-02
9.380000e+03 1.723713e-02
9.382000e+03 1.722708e-02
9.384000e+03 1.721704e-02
9.386000e+03 1.720702e-02
9.388000e+03 1.719700e-02
9.390000e+03 1.718699e-02
9.392000e+03 1.717699e-02
9.394000e+03 1.716700e-02
9.396000e+03 1.715701e-02
9.398000e+03 1.714704e-02
9.400000e+03 1.713707e-02
9.402000e+03 1.712711e-02
9.404000e+03 1.711715e-02
9.406000e+03 1.710720e-02
9.408000e+03 1.709726e-02
9.410000e+03 1.708732e-02
9.412000e+03 1.707739e-02
9.414000e+03 1.706747e-02
9.416000e+03 1.705755e-02
9.418000e+03 1.704765e-02
9.420000e+03 1.703775e-02
9.422000e+03 1.702786e-02
9.424000e+03 1.701798e-02
9.426000e+03 1.700812e-02
9.428000e+03 1.699826e-02
9.430000e+03 1.698841e-02
9.432000e+03 1.697857e-02
9.434000e+03 1.696873e-02
9.436000e+03 1.695891e-02
9.438000e+03 1.694909e-02
9.440000e+03 1.693927e-02
9.442000e+03 1.692947e-02
9.444000e+03 1.691967e-02
9.446000e+03 1.690987e-02
9.448000e+03 1.690008e-02
9.450000e+03 1.689031e-02
9.452000e+03 1.688053e-02
9.454000e+03 1.687077e-02
9.456000e+03 1.686101e-02
9.458000e+03 1.685125e-02
9.460000e+03 1.684151e-02
9.462000e+03 1.683177e-02
9.464000e+03 1.682204e-02
9.466000e+03 1.681232e-02
9.468000e+03 1.680261e-02
9.470000e+03 1.679291e-02
9.472000e+03 1.678321e-02
9.474000e+03 1.677352e-02
9.476000e+03 1.676385e-02
9.478000e+03 1.675418e-02
9.480000e+03 1.674452e-02
9.482000e+03 1.673487e-02
9.484000e+03 1.672522e-02
9.486000e+03 1.671559e-02
9.488000e+03 1.670596e-02
9.490000e+03 1.669634e-02
9.492000e+03 1.668673e-02
9.494000e+03 1.667712e-02
9.496000e+03 1.666752e-02
9.498000e+03 1.665792e-02
9.500000e+03 1.664833e-02
9.502000e+03 1.663875e-02
9.504000e+03 1.662917e-02
9.506000e+03 1.661960e-02
9.508000e+03 1.661004e-02
9.510000e+03 1.660049e-02
9.512000e+03 1.659094e-02
9.514000e+03 1.658141e-02
9.516000e+03 1.657188e-02
9.518000e+03 1.656236e-02
9.520000e+03 1.655285e-02
9.522000e+03 1.654335e-02
9.524000e+03 1.653386e-02
9.526000e+03 1.652437e-02
9.528000e+03 1.651490e-02
9.530000e+03 1.650542e-02
9.532000e+03 1.649596e-02
9.534000e+03 1.648650e-02
9.536000e+03 1.647704e-02
9.538000e+03 1.646760e-02
9.540000e+03 1.645815e-02
9.542000e+03 1.644872e-02
9.544000e+03 1.643929e-02
9.546000e+03 1.642987e-02
9.548000e+03 1.642045e-02
9.550000e+03 1.641104e-02
9.552000e+03 1.640164e-02
9.554000e+03 1.639225e-02
9.556000e+03 1.638286e-02
9.558000e+03 1.637348e-02
9.560000e+03 1.636411e-02
9.562000e+03 1.635475e-02
9.564000e+03 1.634539e-02
9.566000e+03 1.633605e-02
9.568000e+03 1.632671e-02
9.570000e+03 1.631738e-02
9.572000e+03 1.630806e-02
9.574000e+03 1.629875e-02
9.576000e+03 1.628944e-02
9.578000e+03 1.628015e-02
9.580000e+03 1.627086e-02
9.582000e+03 1.626157e-02
9.584000e+03 1.625230e-02
9.586000e+03 1.624303e-02
9.588000e+03 1.623376e-02
9.590000e+03 1.622450e-02
9.592000e+03 1.621525e-02
9.594000e+03 1.620600e-02
9.596000e+03 1.619676e-02
9.598000e+03 1.618753e-02
9.600000e+03 1.617830e-02
9.602000e+03 1.616908e-02
9.604000e+03 1.615986e-02
9.606000e+03 1.615065e-02
9.608000e+03 1.614145e-02
9.610000e+03 1.613226e-02
9.612000e+03 1.612307e-02
9.614000e+03 1.611389e-02
9.616000e+03 1.610472e-02
9.618000e+03 1.609556e-02
9.620000e+03 1.608640e-02
9.622000e+03 1.607726e-02
9.624000e+03 1.606812e-02
9.626000e+03 1.605899e-02
9.628000e+03 1.604987e-02
9.630000e+03 1.604075e-02
9.632000e+03 1.603165e-02
9.634000e+03 1.602254e-02
9.636000e+03 1.601345e-02
9.638000e+03 1.600436e-02
9.640000e+03 1.599528e-02
9.642000e+03 1.598621e-02
9.644000e+03 1.597713e-02
9.646000e+03 1.596807e-02
9.648000e+03 1.595901e-02
9.650000e+03 1.594995e-02
9.652000e+03 1.594091e-02
9.654000e+03 1.593187e-02
9.656000e+03 1.592283e-02
9.658000e+03 1.591381e-02
9.660000e+03 1.590479e-02
9.662000e+03 1.589578e-02
9.664000e+03 1.588678e-02
9.666000e+03 1.587779e-02
9.668000e+03 1.586881e-02
9.670000e+03 1.585983e-02
9.672000e+03 1.585086e-02
9.674000e+03 1.584190e-02
9.676000e+03 1.583294e-02
9.678000e+03 1.582399e-02
9.680000e+03 1.581504e-02
9.682000e+03 1.580610e-02
9.684000e+03 1.579716e-02
9.686000e+03 1.578823e-02
9.688000e+03 1.577931e-02
9.690000e+03 1.577039e-02
9.692000e+03 1.576148e-02
9.694000e+03 1.575257e-02
9.696000e+03 1.574367e-02
9.698000e+03 1.573478e-02
9.700000e+03 1.572589e-02
9.702000e+03 1.571701e-02
9.704000e+03 1.570814e-02
9.706000e+03 1.569927e-02
9.708000e+03 1.569042e-02
9.710000e+03 1.568157e-02
9.712000e+03 1.567272e-02
9.714000e+03 1.566389e-02
9.716000e+03 1.565506e-02
9.718000e+03 1.564625e-02
9.720000e+03 1.563744e-02
9.722000e+03 1.562863e-02
9.724000e+03 1.561984e-02
9.726000e+03 1.561105e-02
9.728000e+03 1.560226e-02
9.730000e+03 1.559348e-02
9.732000e+03 1.558471e-02
9.734000e+03 1.557594e-02
9.736000e+03 1.556718e-02
9.738000e+03 1.555842e-02
9.740000e+03 1.554967e-02
9.742000e+03 1.554092e-02
9.744000e+03 1.553218e-02
9.746000e+03 1.552344e-02
9.748000e+03 1.551472e-02
9.750000e+03 1.550600e-02
9.752000e+03 1.549729e-02
9.754000e+03 1.548858e-02
9.756000e+03 1.547989e-02
9.758000e+03 1.547120e-02
9.760000e+03 1.546252e-02
9.762000e+03 1.545385e-02
9.764000e+03 1.544518e-02
9.766000e+03 1.543652e-02
9.768000e+03 1.542787e-02
9.770000e+03 1.541922e-02
9.772000e+03 1.541057e-02
9.774000e+03 1.540193e-02
9.776000e+03 1.539330e-02
9.778000e+03 1.538467e-02
9.780000e+03 1.537604e-02
9.782000e+03 1.536742e-02
9.784000e+03 1.535881e-02
9.786000e+03 1.535020e-02
9.788000e+03 1.534160e-02
9.790000e+03 1.533301e-02
9.792000e+03 1.532442e-02
9.794000e+03 1.531584e-02
9.796000e+03 1.530727e-02
9.798000e+03 1.529870e-02
9.800000e+03 1.529014e-02
9.802000e+03 1.528158e-02
9.804000e+03 1.527304e-02
9.806000e+03 1.526450e-02
9.808000e+03 1.525597e-02
9.810000e+03 1.524745e-02
9.812000e+03 1.523893e-02
9.814000e+03 1.523042e-02
9.816000e+03 1.522192e-02
9.818000e+03 1.521343e-02
9.820000e+03 1.520494e-02
9.822000e+03 1.519645e-02
9.824000e+03 1.518797e-02
9.826000e+03 1.517949e-02
9.828000e+03 1.517102e-02
9.830000e+03 1.516255e-02
9.832000e+03 1.515409e-02
9.834000e+03 1.514564e-02
9.836000e+03 1.513719e-02
9.838000e+03 1.512874e-02
9.840000e+03 1.512031e-02
9.842000e+03 1.511188e-02
9.844000e+03 1.510346e-02
9.846000e+03 1.509504e-02
9.848000e+03 1.508664e-02
9.850000e+03 1.507824e-02
9.852000e+03 1.506985e-02
9.854000e+03 1.506146e-02
9.856000e+03 1.505309e-02
9.858000e+03 1.504471e-02
9.860000e+03 1.503634e-02
9.862000e+03 1.502798e-02
9.864000e+03 1.501962e-02
9.866000e+03 1.501127e-02
9.868000e+03 1.500292e-02
9.870000e+03 1.499457e-02
9.872000e+03 1.498623e-02
9.874000e+03 1.497790e-02
9.876000e+03 1.496957e-02
9.878000e+03 1.496125e-02
9.880000e+03 1.495293e-02
9.882000e+03 1.494462e-02
9.884000e+03 1.493631e-02
9.886000e+03 1.492802e-02
9.888000e+03 1.491972e-02
9.890000e+03 1.491144e-02
9.892000e+03 1.490316e-02
9.894000e+03 1.489489e-02
9.896000e+03 1.488663e-02
9.898000e+03 1.487837e-02
9.900000e+03 1.487012e-02
9.902000e+03 1.486188e-02
9.904000e+03 1.485364e-02
9.906000e+03 1.484541e-02
9.908000e+03 1.483719e-02
9.910000e+03 1.482897e-02
9.912000e+03 1.482076e-02
9.914000e+03 1.481255e-02
9.916000e+03 1.480435e-02
9.918000e+03 1.479615e-02
9.920000e+03 1.478796e-02
9.922000e+03 1.477977e-02
9.924000e+03 1.477158e-02
9.926000e+03 1.476340e-02
9.928000e+03 1.475523e-02
9.930000e+03 1.474706e-02
9.932000e+03 1.473890e-02
9.934000e+03 1.473075e-02
9.936000e+03 1.472260e-02
9.938000e+03 1.471446e-02
9.940000e+03 1.470633e-02
9.942000e+03 1.469821e-02
9.944000e+03 1.469009e-02
9.946000e+03 1.468198e-02
9.948000e+03 1.467387e-02
9.950000e+03 1.466577e-02
9.952000e+03 1.465768e-02
9.954000e+03 1.464959e-02
9.956000e+03 1.464150e-02
9.958000e+03 1.463342e-02
9.960000e+03 1.462534e-02
9.962000e+03 1.461726e-02
9.964000e+03 1.460919e-02
9.966000e+03 1.460113e-02
9.968000e+03 1.459307e-02
9.970000e+03 1.458502e-02
9.972000e+03 1.457697e-02
9.974000e+03 1.456893e-02
9.976000e+03 1.456089e-02
9.978000e+03 1.455286e-02
9.980000e+03 1.454484e-02
9.982000e+03 1.453682e-02
9.984000e+03 1.452881e-02
9.986000e+03 1.452081e-02
9.988000e+03 1.451281e-02
9.990000e+03 1.450482e-02
9.992000e+03 1.449684e-02
9.994000e+03 1.448886e-02
9.996000e+03 1.448090e-02
9.998000e+03 1.447293e-02
1.000000e+04 1.446497e-02
1.000200e+04 1.445702e-02
1.000400e+04 1.444907e-02
1.000600e+04 1.444113e-02
1.000800e+04 1.443319e-02
1.001000e+04 1.442525e-02
1.001200e+04 1.441732e-02
1.001400e+04 1.440940e-02
1.001600e+04 1.440147e-02
1.001800e+04 1.439356e-02
1.002000e+04 1.438564e-02
1.002200e+04 1.437774e-02
1.002400e+04 1.436984e-02
1.002600e+04 1.436195e-02
1.002800e+04 1.435407e-02
1.003000e+04 1.434619e-02
1.003200e+04 1.433832e-02
1.003400e+04 1.433046e-02
1.003600e+04 1.432260e-02
1.003800e+04 1.431475e-02
1.004000e+04 1.430690e-02
1.004200e+04 1.429906e-02
1.004400e+04 1.429122e-02
1.004600e+04 1.428339e-02
1.004800e+04 1.427556e-02
1.005000e+04 1.426773e-02
1.005200e+04 1.425991e-02
1.005400e+04 1.425209e-02
1.005600e+04 1.424428e-02
1.005800e+04 1.423647e-02
1.006000e+04 1.422867e-02
1.006200e+04 1.422087e-02
1.006400e+04 1.421308e-02
1.006600e+04 1.420530e-02
1.006800e+04 1.419752e-02
1.007000e+04 1.418974e-02
1.007200e+04 1.418197e-02
1.007400e+04 1.417421e-02
1.007600e+04 1.416646e-02
1.007800e+04 1.415871e-02
1.008000e+04 1.415096e-02
1.008200e+04 1.414323e-02
1.008400e+04 1.413550e-02
1.008600e+04 1.412778e-02
1.008800e+04 1.412006e-02
1.009000e+04 1.411235e-02
1.009200e+04 1.410464e-02
1.009400e+04 1.409694e-02
1.009600e+04 1.408924e-02
1.009800e+04 1.408155e-02
1.010000e+04 1.407386e-02
1.010200e+04 1.406618e-02
1.010400e+04 1.405850e-02
1.010600e+04 1.405082e-02
1.010800e+04 1.404315e-02
1.011000e+04 1.403549e-02
1.011200e+04 1.402782e-02
1.011400e+04 1.402017e-02
1.011600e+04 1.401251e-02
1.011800e+04 1.400487e-02
1.012000e+04 1.399722e-02
1.012200e+04 1.398959e-02
1.012400e+04 1.398196e-02
1.012600e+04 1.397433e-02
1.012800e+04 1.396671e-02
1.013000e+04 1.395910e-02
1.013200e+04 1.395149e-02
1.013400e+04 1.394389e-02
1.013600e+04 1.393630e-02
1.013800e+04 1.392871e-02
1.014000e+04 1.392113e-02
1.014200e+04 1.391356e-02
1.014400e+04 1.390599e-02
1.014600e+04 1.389843e-02
1.014800e+04 1.389087e-02
1.015000e+04 1.388331e-02
1.015200e+04 1.387576e-02
1.015400e+04 1.386822e-02
1.015600e+04 1.386067e-02
1.015800e+04 1.385313e-02
1.016000e+04 1.384560e-02
1.016200e+04 1.383806e-02
1.016400e+04 1.383054e-02
1.016600e+04 1.382301e-02
1.016800e+04 1.381550e-02
1.017000e+04 1.380799e-02
1.017200e+04 1.380049e-02
1.017400e+04 1.379299e-02
1.017600e+04 1.378550e-02
1.017800e+04 1.377802e-02
1.018000e+04 1.377054e-02
1.018200e+04 1.376307e-02
1.018400e+04 1.375561e-02
1.018600e+04 1.374814e-02
1.018800e+04 1.374069e-02
1.019000e+04 1.373323e-02
1.019200e+04 1.372578e-02
1.019400e+04 1.371834e-02
1.019600e+04 1.371090e-02
1.019800e+04 1.370346e-02
1.020000e+04 1.369602e-02
1.020200e+04 1.368859e-02
1.020400e+04 1.368117e-02
1.020600e+04 1.367375e-02
1.020800e+04 1.366633e-02
1.021000e+04 1.365892e-02
1.021200e+04 1.365151e-02
1.021400e+04 1.364411e-02
1.021600e+04 1.363672e-02
1.021800e+04 1.362933e-02
1.022000e+04 1.362194e-02
1.022200e+04 1.361457e-02
1.022400e+04 1.360719e-02
1.022600e+04 1.359983e-02
1.022800e+04 1.359247e-02
1.023000e+04 1.358512e-02
1.023200e+04 1.357777e-02
1.023400e+04 1.357043e-02
1.023600e+04 1.356309e-02
1.023800e+04 1.355576e-02
1.024000e+04 1.354844e-02
1.024200e+04 1.354111e-02
1.024400e+04 1.353379e-02
1.024600e+04 1.352648e-02
1.024800e+04 1.351917e-02
1.025000e+04 1.351186e-02
1.025200e+04 1.350455e-02
1.025400e+04 1.349725e-02
1.025600e+04 1.348995e-02
1.025800e+04 1.348266e-02
1.026000e+04 1.347538e-02
1.026200e+04 1.346810e-02
1.026400e+04 1.346082e-02
1.026600e+04 1.345356e-02
1.026800e+04 1.344629e-02
1.027000e+04 1.343904e-02
1.027200e+04 1.343179e-02
1.027400e+04 1.342455e-02
1.027600e+04 1.341731e-02
1.027800e+04 1.341008e-02
1.028000e+04 1.340285e-02
1.028200e+04 1.339562e-02
1.028400e+04 1.338840e-02
1.028600e+04 1.338119e-02
1.028800e+04 1.337397e-02
1.029000e+04 1.336676e-02
1.029200e+04 1.335956e-02
1.029400e+04 1.335235e-02
1.029600e+04 1.334515e-02
1.029800e+04 1.333795e-02
1.030000e+04 1.333075e-02
